# OpenStreetMap contributors, ODbL; local Unity x,z metres; P parking, T track (height 0 surface, -5 tunnel), E subway entrance, R rail platform, S bus stop, N station, A apron stand, G gate, J jet bridge, X terminal
S|357826415|강남역.강남역사거리|87.97,12.92
S|357834797|강남역|69.97,38.35
S|357837532|강남역1번출구.역삼세무서|-130.81,-40.02
S|357839304|신분당선강남역(중)|-85.64,215.47
S|357884649|강남역|70.18,-259.42
S|357885438|강남역12번출구A|-141.94,-81.92
S|357885448|강남역10번출구|110.19,-239.99
E|1925407862|10|강남역 10번 출구|50.79,-81.71
E|1925407863|11|강남역 11번 출구|17.08,-92.45
E|1925407864|1|강남역 1번 출구|-90.75,-16.70
E|1925407865|2|강남역 2번 출구|-45.34,78.71
E|1925407866|9|강남역 9번 출구|62.14,-10.60
E|3103183129|12|강남역 12번 출구|-83.38,-57.57
E|3106206002|7|강남역 7번 출구|-10.29,89.56
E|3106206003|8|강남역 8번 출구|46.84,39.49
S|3139438432|강남역9번출구|94.62,15.21
S|3141201929|강남역12번출구|-175.82,-92.47
E|3404840062|3|강남역 3번출구|-77.34,137.37
E|3404840063|6|강남역 6번출구|-39.42,153.03
S|3721274229|강남역7번출구|-18.56,108.44
N|5927529147|강남|3.76,-5.53
N|8793714495|강남|-58.88,160.03
S|9311286020|강남역.삼성전자|-13.59,103.03
S|9311286022|강남역.서초초교앞|98.05,-210.17
S|9322016180|삼성딜라이트|96.31,47.98
S|9322016181|강남역.뉴욕제과|102.41,-145.77
S|9322016185|강남역서초현대타워앞|-37.80,137.93
S|11164481398|삼성서초역삼세무서|-187.89,-58.91
S|11560793750|강남역11번출구|23.70,-134.74
T|304232223|-5|신분당선|701.26,-1987.34;693.01,-1954.23;670.58,-1860.65;631.12,-1679.42;503.79,-1341.06;391.66,-1039.68;328.85,-867.03;294.41,-785.66;237.07,-631.31;128.80,-349.08;71.34,-193.80
T|391358773|-5|신분당선|71.34,-193.80;22.64,-66.45;-8.87,15.96;-19.24,45.17;-34.72,86.28;-67.49,175.89;-91.82,243.59;-128.37,339.14;-197.63,520.22;-245.24,648.77;-285.66,757.04;-348.48,921.92;-375.51,992.34;-422.40,1115.35;-457.25,1208.04;-531.72,1404.21;-537.34,1418.12;-552.74,1456.28;-561.32,1472.81;-574.17,1500.34;-626.01,1567.89;-653.15,1599.95;-739.26,1704.87;-746.21,1712.47;-759.23,1726.34;-797.71,1771.51;-834.29,1822.41;-860.05,1859.10;-883.71,1893.83;-906.06,1947.00;-920.08,1982.53;-932.73,2019.86;-941.12,2043.07;-955.74,2096.55;-962.96,2150.35;-967.84,2211.51;-964.69,2328.57;-958.77,2430.79;-946.08,2511.02;-941.85,2547.15;-935.26,2612.41;-930.89,2668.43;-927.10,2765.58;-940.55,2997.66;-950.24,3089.88;-990.30,3526.61;-991.41,3537.03;-994.50,3546.63;-999.88,3555.15;-1005.76,3563.54;-1164.29,3788.81;-2034.79,5031.55;-2117.69,5143.69;-2244.94,5312.42;-2253.62,5323.93
T|604536614|-5|2호선|-4214.59,-1489.90;-4073.31,-1462.46;-3964.64,-1440.19;-3914.34,-1429.59;-3889.36,-1424.43;-3482.78,-1340.39;-3429.40,-1323.74;-3340.39,-1291.15;-3260.17,-1256.86;-3236.66,-1247.52;-3141.11,-1211.65;-3047.86,-1174.35;-3026.74,-1166.21;-2933.36,-1130.22;-2806.21,-1084.71;-2702.38,-1042.72;-2646.29,-1019.26;-2564.90,-989.20;-2548.00,-982.67;-1881.95,-727.99;-1470.13,-570.44;-950.33,-368.17;-822.77,-321.66;-0.68,-0.02;333.62,128.00;472.06,180.32;610.57,234.38;721.20,277.25;861.29,332.13;938.51,360.80;1045.82,403.91;1148.17,441.09
T|640443237|-5|2호선|-3964.13,-1445.80;-3912.90,-1435.36;-3888.99,-1430.38;-3481.77,-1345.64;-3427.44,-1331.04;-3338.50,-1299.93;-3283.83,-1281.68;-3231.62,-1263.46;-3134.59,-1225.37;-3043.55,-1190.00;-3020.03,-1180.85;-3015.50,-1179.00;-2929.29,-1143.91;-2825.97,-1098.73;-2804.44,-1089.31;-2700.68,-1047.62;-2644.43,-1023.82;-2584.36,-1001.39;-2562.93,-993.39;-2545.53,-987.34;-1881.29,-733.40;-1468.75,-575.31;-948.66,-372.08;-821.09,-325.41;-9.31,-9.23;0.26,-5.50;148.37,52.95;335.40,124.20;473.26,176.32;532.20,199.47;612.32,230.57;722.24,272.50;862.95,327.46;939.46,357.07;1046.30,399.72;1147.69,437.14
T|951688069|-5|신분당선|78.04,-193.71;85.27,-212.87;109.98,-278.29;239.32,-630.42;303.49,-791.23;483.70,-1267.00;510.94,-1338.89;643.44,-1698.36;680.21,-1859.04;702.42,-1960.99;707.56,-1984.60
T|951688080|-5|신분당선|-2241.38,5337.30;-2130.67,5180.09;-2026.18,5037.98;-1914.69,4873.86;-1807.87,4724.75;-1635.81,4477.51;-1337.25,4052.77;-1198.42,3860.25;-1003.31,3578.18;-986.70,3546.54;-975.97,3492.38;-960.27,3289.03;-942.53,3091.58;-932.09,2990.69;-914.06,2761.18;-920.82,2659.74;-949.02,2435.96;-955.39,2222.36;-949.02,2120.35;-908.22,1981.99;-868.70,1886.99;-673.59,1641.36;-621.67,1574.27;-568.98,1505.27;-549.27,1470.77;-500.38,1339.98;-398.63,1078.76;-268.60,738.96;-140.71,390.19;-130.91,363.48;-29.60,87.72
T|1063795999|-5|철길|-19.24,45.17;-10.49,31.06;-2.66,17.28
T|1063796000|-5|철길|-13.46,45.51;-10.49,31.06;-8.87,15.96
T|1304859288|-5|신분당선|-29.60,87.72;-13.46,45.51;-10.24,37.11;-2.66,17.28;72.90,-180.26;78.04,-193.71
