# [B]width[>] x,z[,y] ... car and bus lane centre lines in Unity metres; B bus only, > one way. OSM data (c) OpenStreetMap contributors, ODbL
5> 105.5,27.1 167.2,-136.8
5 149.0,44.2 152.7,34.8 154.4,30.6 167.1,-2.7 208.3,-110.9 211.5,-119.4
5 -14.5,-182.2 -122.7,-224.2
5 -14.7,-84.6 -46.6,-97.1 -178.5,-145.5 -280.2,-183.4
5 -197.4,-91.0 -193.6,-102.0 -178.5,-145.5 -170.2,-174.1 -158.3,-203.7
5> -25.8,-153.8 -158.3,-203.7 -187.8,-214.7 -260.8,-242.0
5 53.6,-183.6 43.3,-187.7 -6.2,-207.1 -40.4,-220.3 -82.4,-235.1 -112.8,-244.9
5 -40.4,-220.3 -24.1,-267.0
5 285.6,-91.8 282.4,-83.4 243.7,15.3 225.6,62.4 224.9,64.3 222.0,71.7
B3.5> -1.1,-14.9 2.4,-28.1 10.6,-50.5 15.8,-64.1
16> -7.1,-16.5 -3.6,-30.0 4.7,-52.7 9.9,-66.4
13> -160.5,-59.7 -234.0,-87.6 -291.1,-109.4 -306.8,-115.1
B3.5> -50.0,132.4 -67.0,177.7 -97.3,257.4 -117.2,304.3
16> -44.1,134.6 -61.2,179.9 -91.6,259.7 -111.4,306.5
B3.5> 108.0,-280.9 75.9,-198.8 67.2,-177.0
16> 113.8,-278.6 81.7,-196.5 73.0,-174.7
5 -146.8,-216.9 -181.5,-231.3
5> -79.0,-44.0 -54.4,-40.5 -42.5,-39.6 -32.7,-39.6 -28.4,-40.0 -23.6,-41.1 -15.5,-44.1 -8.2,-48.1 0.6,-54.7 9.9,-66.4
5 29.7,-302.3 11.4,-252.8 -6.2,-207.1 -14.5,-182.2 -25.8,-153.8 -30.2,-142.8 -46.6,-97.1 -61.4,-59.4
5 264.7,195.1 258.0,192.7 216.1,177.6 190.5,172.4 183.8,171.0
5 39.2,80.1 -6.0,192.9 -8.9,200.1
5 216.2,84.7 211.1,97.2 183.8,171.0 171.9,203.1 169.4,209.9 153.7,252.2 150.8,260.1
13> 11.3,-9.4 61.5,10.5
5> 31.4,-61.5 30.6,-42.1 30.8,-32.7 31.2,-26.6 32.6,-20.4 35.1,-14.1 39.1,-7.8 45.4,-2.1 61.5,10.5
5 -170.2,-174.1 -221.8,-194.2 -269.7,-211.8
5 77.5,-19.4 115.0,-118.3 116.6,-122.4 118.7,-126.0 121.0,-130.0 123.6,-134.0 126.1,-137.9 128.5,-140.0 131.3,-142.2 134.4,-149.8
5 -79.2,175.1 -159.0,142.9,6.0 -231.0,115.2 -262.1,103.9 -302.1,87.8
13> -300.3,-131.5 -284.9,-125.2 -197.4,-91.0 -79.0,-44.0
5 -234.0,-87.6 -237.0,-79.8 -253.4,-37.5 -302.1,87.8
5 -262.1,103.9 -287.1,173.1
5 -196.7,242.9,6.0 -159.0,142.9,6.0 -108.4,10.0,5.1 -112.4,2.5,3.6 -105.3,-17.4
5 -298.5,298.6 -267.5,215.3 -231.0,115.2 -180.3,-10.1 -165.9,-45.7 -163.3,-52.5 -160.5,-59.7
B3.5> -5.6,-0.5 -2.9,-8.0 -1.1,-14.9
16> -11.5,-2.6 -8.9,-9.9 -7.1,-16.5
13> 41.8,17.0 6.1,3.8
B3.5> 5.4,-11.7 2.9,-5.1 0.3,1.6
16> 11.3,-9.4 8.7,-2.8 6.1,3.8
13> -7.1,-16.5 -1.6,-14.3 1.7,-13.0 11.3,-9.4
13> 61.5,10.5 105.5,27.1
13> 6.1,3.8 -1.8,1.0 -5.6,-0.4 -11.5,-2.6
13> 149.0,44.2 222.0,71.7
5 79.7,233.0 97.9,181.0 99.2,177.3 111.3,147.1 119.7,125.0 141.5,70.2 146.4,57.4
5 -61.2,179.9 -47.8,185.1 -8.9,200.1 26.0,212.5 32.9,214.9 79.7,233.0 144.1,257.5 150.8,260.1 157.3,262.6 178.2,270.6 228.5,289.9
13> 222.0,71.7 284.0,96.4 287.5,97.8 299.4,102.6
5 -8.9,200.1 -41.0,286.0
5 73.0,-174.7 85.7,-169.6 134.4,-149.8 167.2,-136.8 211.5,-119.4
5> 167.2,-136.8 168.7,-140.9 218.9,-277.0
13> 105.5,27.1 149.0,44.2
5> 180.8,-291.9 137.6,-180.7 135.4,-175.6 134.8,-173.0 135.7,-167.8 136.4,-164.6 137.3,-161.9 137.7,-160.0 137.1,-156.5 134.4,-149.8
13> -79.0,-44.0 -57.7,-35.6 -7.1,-16.5
B3.5> 15.8,-64.2 29.9,-102.2 45.8,-146.0 59.4,-181.3 61.7,-187.3 73.2,-217.8
16> 9.9,-66.4 24.0,-104.4 39.9,-148.1 53.6,-183.6 55.8,-189.5 67.3,-220.0
B3.5> 0.3,1.7 -9.2,27.4 -16.7,47.5
16> 6.1,3.8 -3.3,29.6 -10.8,49.7
B3.5> -95.2,231.3 -73.4,177.4 -28.9,63.6 -22.8,46.8
16> -100.9,229.0 -79.2,175.1 -34.8,61.4 -28.7,44.7
B3.5> 73.1,-217.8 95.8,-277.1
16> 67.3,-220.0 89.9,-279.3
B3.5> 67.2,-177.0 61.4,-162.5 40.6,-105.1 31.1,-78.5 25.5,-63.8 9.9,-23.9 5.4,-11.5
16> 73.0,-174.7 67.3,-160.3 46.5,-103.0 37.0,-76.3 31.4,-61.5 15.8,-21.7 11.3,-9.4
5 -187.8,-214.7 -181.5,-231.3
5> -34.8,61.4 -70.1,-17.9 -74.1,-26.9
5> -158.3,-203.7 -152.4,-214.2 -146.8,-216.9 -122.7,-224.2
5> 41.8,17.0 32.7,19.4 22.3,21.9 14.9,24.9 6.8,30.5 1.1,35.3 -10.8,49.7
5 265.2,-259.7 258.0,-240.2 247.1,-212.6 213.6,-125.0 211.5,-119.4
5> -28.7,44.7 -32.0,30.3 -32.8,27.3 -37.8,13.4 -42.8,3.2 -50.9,-8.2 -62.5,-22.3
5 -180.3,-10.1 -253.4,-37.5
13> -62.5,-22.3 -74.1,-26.9 -98.9,-36.2 -160.5,-59.7
B3.5> -22.8,46.8 -5.6,-0.5
16> -28.7,44.7 -11.5,-2.6
13> -11.5,-2.6 -36.1,-12.1 -62.5,-22.3
5 211.5,-119.4 285.6,-91.8
8 228.5,289.9 264.7,195.1 286.8,136.4 288.9,130.8 290.5,126.6 294.8,115.0 297.0,109.0 299.4,102.6
5> 61.1,24.4 55.0,40.6 39.2,80.1
13> 294.8,115.0 283.7,110.7 279.1,109.0 216.2,84.7 146.4,57.4 61.1,24.4 41.8,17.0
B3.5> -16.7,47.4 -33.6,90.7 -49.9,132.3
16> -10.8,49.7 -27.8,93.0 -44.1,134.6
B4> 55.8,-189.5 69.0,-211.5 86.9,-245.0 97.6,-274.3 106.2,-297.8
B4> -27.8,93.0 -44.4,117.7 -65.0,155.1 -82.9,198.8 -104.1,255.0 -117.1,304.3
5> -57.7,-35.6 -56.9,-32.4 -56.1,-31.0 -53.6,-30.1 -31.4,-21.9 -30.1,-20.8 -28.7,-18.9 -28.3,-16.4 -29.3,-14.3 -30.4,-13.5 -32.3,-13.0 -36.1,-12.1
