# 0 x,z[,y] ... pedestrian network: sidewalks, zebra crossings, footways. OSM data (c) OpenStreetMap contributors, ODbL
0 111.6,20.4 168.8,-131.6
0 105.4,18.1 162.6,-133.9
0 100.6,16.4 72.3,5.7
0 116.4,22.5 144.2,33.5
0 164.3,-141.5 139.7,-151.2
0 161.9,-135.4 137.3,-145.1
0 170.1,-132.2 206.2,-117.9
0 172.5,-138.3 208.6,-124.1
0 159.7,39.5 217.0,61.0
0 155.8,36.0 157.5,31.8
0 149.7,33.5 151.3,29.4
0 157.5,31.8 170.2,-1.6
0 151.3,29.4 164.0,-3.9
0 170.2,-1.6 211.3,-109.8
0 164.0,-3.9 205.2,-112.1
0 211.3,-109.8 213.1,-114.4
0 205.2,-112.1 206.9,-116.7
0 215.5,-120.7 216.7,-123.8
0 209.4,-123.1 210.5,-126.2
0 214.4,-114.7 280.4,-90.3
0 216.7,-120.9 282.7,-96.5
0 -19.8,-180.7 -122.8,-220.7
0 -10.0,-185.3 -4.5,-201.8
0 -16.3,-187.4 -10.7,-203.9
0 -19.2,-179.3 -27.3,-159.1
0 -13.1,-176.9 -21.1,-156.7
0 -122.6,-227.7 -143.6,-221.3
0 -122.8,-220.7 -141.7,-215.0
0 -49.6,-101.7 -173.2,-147.1
0 -51.9,-95.5 -175.5,-140.9
0 -42.0,-100.1 -27.1,-141.6
0 -48.2,-102.4 -33.3,-143.9
0 -51.3,-94.2 -64.5,-60.6
0 -181.5,-150.2 -279.0,-186.5
0 -183.8,-144.0 -281.4,-180.3
0 -183.0,-142.5 -196.7,-103.1
0 -174.1,-148.8 -168.3,-169.0
0 -180.4,-150.7 -174.6,-170.8
0 -202.2,-101.8 -281.9,-132.9
0 -208.2,-86.4 -288.0,-117.6
0 -186.6,-95.6 -83.8,-54.8
0 -165.5,-177.0 -156.9,-198.4
0 -171.6,-179.5 -163.0,-200.9
0 -175.5,-172.7 -222.9,-191.1
0 -155.4,-199.1 -31.1,-152.3
0 -153.0,-205.3 -28.8,-158.4
0 -163.6,-202.2 -184.9,-210.1
0 -153.3,-205.9 -150.0,-211.7
0 -30.5,-150.9 -33.3,-143.9
0 -24.4,-148.5 -27.1,-141.6
0 -190.8,-219.4 -259.6,-245.1
0 -193.1,-213.2 -261.9,-238.9
0 -189.3,-220.0 -186.1,-228.4
0 40.9,-177.8 30.8,-151.6
0 59.1,-170.8 49.1,-144.7
0 63.7,-182.8 64.9,-186.0
0 45.5,-189.7 46.7,-192.9
0 -11.5,-205.6 -37.5,-215.7
0 -1.5,-210.0 14.5,-251.7
0 -7.7,-212.4 8.3,-254.0
0 -43.5,-224.9 -81.3,-238.2
0 -45.7,-218.7 -83.4,-232.0
0 -35.9,-223.4 -20.9,-265.9
0 -42.1,-225.6 -27.2,-268.1
0 -81.3,-238.2 -111.8,-248.0
0 -83.4,-232.0 -113.8,-241.7
0 281.1,-89.3 279.3,-84.6
0 287.2,-86.8 285.4,-82.2
0 285.4,-82.2 248.4,12.4
0 239.0,18.3 222.5,61.2
0 245.2,20.6 228.6,63.6
0 246.8,19.9 271.4,28.4
0 248.9,13.7 273.5,22.2
0 222.5,61.2 221.8,63.1
0 228.6,63.6 227.9,65.5
0 232.8,67.1 287.0,88.8
0 3.9,-20.1 5.7,-27.1
0 -15.0,-25.0 -12.9,-32.9
0 5.7,-27.1 13.8,-49.3
0 13.8,-49.3 16.7,-56.7
0 -4.4,-56.1 -1.5,-63.7
0 22.5,-72.3 33.1,-101.0
0 4.2,-79.0 14.8,-107.7
0 -165.4,-70.4 -223.2,-92.4
0 -171.2,-55.0 -229.1,-76.9
0 -155.6,-49.0 -101.8,-28.5
0 -238.9,-98.3 -288.3,-117.1
0 -244.8,-82.9 -294.0,-101.7
0 -288.3,-117.1 -303.8,-122.8
0 -35.0,138.1 -48.6,174.1
0 -35.0,138.1 -18.7,96.5
0 -73.8,185.7 -100.6,256.1
0 -55.6,192.6 -82.5,263.3
0 104.7,-282.2 72.6,-200.1
0 122.9,-275.1 90.7,-193.0
0 72.6,-200.1 67.6,-187.5
0 90.7,-193.0 85.8,-180.3
0 61.4,-171.9 58.2,-163.8
0 79.5,-164.6 76.4,-156.8
0 -149.6,-221.6 -176.1,-232.7
0 -68.2,-48.6 -62.5,-46.4
0 -54.0,-43.8 -42.4,-42.9
0 -42.4,-42.9 -32.8,-42.9
0 -32.5,-36.3 -27.9,-36.7
0 -32.8,-42.9 -28.9,-43.2
0 -27.9,-36.7 -22.6,-37.9
0 -28.9,-43.2 -24.6,-44.3
0 -22.6,-37.9 -14.2,-41.1
0 -24.6,-44.3 -16.9,-47.1
0 -14.2,-41.1 -6.4,-45.4
0 -16.9,-47.1 -10.0,-50.9
0 -10.0,-50.9 -1.7,-57.1
0 26.6,-303.4 8.3,-254.0
0 32.8,-301.1 14.5,-251.7
0 257.7,198.8 225.7,282.5
0 267.5,202.5 235.5,286.2
0 271.7,191.5 291.7,138.3
0 261.8,187.8 281.9,134.6
0 259.1,189.6 217.0,174.4
0 256.8,195.8 215.2,180.8
0 217.0,174.4 191.2,169.1
0 215.2,180.8 189.9,175.6
0 191.2,169.1 187.5,168.4
0 189.9,175.6 186.2,174.8
0 188.4,168.0 214.2,98.4
0 182.3,165.7 208.1,96.0
0 179.2,174.0 168.8,201.9
0 185.4,176.2 175.0,204.2
0 36.1,78.9 -9.1,191.6
0 42.3,81.4 -3.0,194.1
0 42.3,81.4 58.1,41.8
0 36.1,78.9 52.0,39.5
0 -9.1,191.6 -10.7,195.6
0 -3.0,194.1 -4.6,198.1
0 -11.8,195.4 -46.6,182.0
0 -14.2,201.6 -49.0,188.2
0 -5.9,204.7 24.9,215.6
0 -3.7,198.4 27.1,209.3
0 -13.6,203.1 -44.1,284.8
0 -7.4,205.4 -37.9,287.1
0 210.8,89.1 208.1,96.0
0 217.0,91.5 214.2,98.4
0 221.0,95.4 276.2,116.7
0 205.4,89.3 151.3,68.2
0 168.8,201.9 166.3,208.8
0 175.0,204.2 172.5,211.1
0 166.3,208.8 150.6,251.1
0 172.5,211.1 156.8,253.4
0 150.6,251.1 149.0,255.4
0 156.8,253.4 155.2,257.7
0 149.0,255.9 145.3,254.5
0 146.6,262.0 143.0,260.6
0 152.5,264.3 156.1,265.6
0 154.9,258.1 158.4,259.5
0 22.4,-11.6 24.9,-18.2
0 4.1,-18.3 6.6,-25.1
0 43.0,-64.7 46.1,-73.0
0 24.8,-71.6 27.8,-79.7
0 18.7,-55.9 6.6,-25.1
0 33.9,-42.1 34.1,-32.9
0 34.1,-32.9 34.4,-27.1
0 27.9,-26.1 29.4,-19.4
0 34.4,-27.1 35.7,-21.4
0 29.4,-19.4 32.2,-12.6
0 35.7,-21.4 38.1,-15.6
0 38.1,-15.6 41.6,-9.9
0 41.6,-9.9 47.5,-4.7
0 -220.6,-197.3 -268.6,-214.9
0 80.6,-18.2 118.1,-117.2
0 74.4,-20.6 112.0,-119.5
0 118.1,-117.2 119.6,-120.9
0 112.0,-119.5 113.6,-123.8
0 119.6,-120.9 121.5,-124.4
0 113.6,-123.8 115.8,-127.7
0 121.5,-124.4 123.8,-128.2
0 115.8,-127.7 118.2,-131.7
0 123.8,-128.2 126.3,-132.2
0 118.2,-131.7 120.8,-135.8
0 126.3,-132.2 128.6,-135.8
0 120.8,-135.8 123.6,-140.1
0 128.6,-135.8 130.6,-137.5
0 123.6,-140.1 126.4,-142.6
0 130.6,-137.5 134.1,-140.1
0 126.4,-142.6 128.6,-144.3
0 134.1,-140.1 136.1,-145.1
0 128.6,-144.3 130.0,-147.6
0 131.6,-154.5 87.0,-172.7
0 129.1,-148.4 84.5,-166.5
0 138.7,-151.6 140.3,-155.6
0 132.6,-154.0 133.9,-157.4
0 -87.2,168.4 -153.6,141.5,6.0
0 -89.6,174.5 -156.1,147.6,6.0
0 -92.0,180.7 -110.0,225.3
0 -73.9,188.0 -91.9,232.6
0 -84.7,162.4 -47.5,67.1
0 -161.9,138.3,6.0 -225.7,113.7
0 -164.3,144.4,6.0 -228.1,119.9
0 -157.4,148.2,6.0 -193.6,244.1,6.0
0 -154.3,140.0,6.0 -104.8,9.8,5.1
0 -234.0,110.6 -256.9,102.3
0 -229.4,120.5 -264.4,216.5
0 -226.3,112.4 -178.9,-4.8
0 -232.4,109.9 -185.0,-7.3
0 -265.0,99.2 -296.8,86.4
0 -267.4,105.3 -299.2,92.5
0 -266.7,106.9 -290.2,171.9
0 -260.5,109.1 -284.0,174.2
0 -297.4,84.9 -251.9,-32.2
0 -303.6,82.5 -258.1,-34.6
0 -303.3,-123.8 -288.0,-117.6
0 -297.2,-139.2 -281.9,-132.9
0 -234.0,-78.6 -248.8,-40.4
0 -250.5,-32.8 -185.5,-8.6
0 30.9,210.7 27.1,209.3
0 28.7,216.9 24.9,215.6
0 35.8,219.6 74.4,234.5
0 38.2,213.4 76.8,228.3
0 -104.8,9.8,5.1 -108.8,2.3,3.6
0 -112.1,10.2,5.1 -116.0,2.8,3.6
0 -108.8,2.3,3.6 -102.2,-16.3
0 -116.0,2.8,3.6 -108.4,-18.5
0 -295.4,299.8 -264.4,216.5
0 -301.6,297.5 -270.6,214.2
0 -175.6,-13.0 -162.9,-44.5
0 -181.7,-15.4 -169.0,-46.9
0 -162.9,-44.5 -160.2,-51.3
0 -169.0,-46.9 -166.4,-53.7
0 -5.7,10.0 -16.1,38.7
0 -23.7,1.5 -31.2,-1.4
0 46.7,27.7 50.2,29.1
0 -6.4,9.8 -12.4,26.2
0 84.3,229.9 101.0,182.1
0 78.0,227.8 94.7,179.9
0 82.6,237.6 143.0,260.6
0 85.0,231.5 145.3,254.5
0 101.0,182.1 102.3,178.5
0 94.7,179.9 96.1,176.1
0 102.3,178.5 114.4,148.3
0 96.1,176.1 108.2,145.9
0 114.4,148.3 122.8,126.2
0 108.2,145.9 116.6,123.8
0 122.8,126.2 144.6,71.4
0 116.6,123.8 138.4,69.0
0 144.6,71.4 147.3,64.4
0 138.4,69.0 141.2,62.0
0 135.6,62.1 65.9,35.2
0 156.1,265.6 177.0,273.7
0 158.4,259.5 179.4,267.5
0 177.0,273.7 221.8,290.8
0 179.4,267.5 224.2,284.7
0 287.0,88.8 290.5,90.2
0 290.5,90.2 307.1,96.8
0 171.8,-139.7 222.0,-275.9
0 165.6,-142.0 215.8,-278.2
0 183.9,-290.7 140.6,-179.4
0 140.6,-179.4 138.6,-174.6
0 132.3,-176.7 131.4,-173.1
0 138.6,-174.6 138.2,-172.9
0 131.4,-173.1 132.5,-167.2
0 138.2,-172.9 138.9,-168.4
0 132.5,-167.2 133.2,-163.7
0 138.9,-168.4 139.6,-165.5
0 133.2,-163.7 134.1,-161.1
0 139.6,-165.5 140.5,-162.8
0 134.1,-161.1 134.4,-159.9
0 140.5,-162.8 141.1,-160.0
0 134.4,-159.9 133.9,-157.4
0 141.1,-160.0 140.3,-155.6
0 284.6,25.9 280.8,24.7
0 282.3,32.1 278.7,30.9
0 280.6,23.7 280.6,18.1
0 274.0,23.0 274.0,19.2
0 280.6,18.1 279.1,13.4
0 274.0,19.2 273.3,16.8
0 279.1,13.4 275.2,9.1
0 273.3,16.8 271.5,14.8
0 275.2,9.1 269.7,7.2
0 271.5,14.8 268.9,13.9
0 269.7,7.2 264.0,7.8
0 268.9,13.9 264.6,14.3
0 33.1,-101.0 49.1,-144.7
0 14.8,-107.7 30.8,-151.6
0 64.9,-186.0 76.4,-216.5
0 46.7,-192.9 58.2,-223.4
0 58.2,-223.4 80.8,-282.6
0 -12.4,26.2 -16.6,37.2
0 -5.4,62.5 -18.7,96.5
0 -22.9,57.2 -22.3,55.5
0 -35.8,51.0 -67.1,-19.3
0 -41.8,53.7 -73.1,-16.6
0 58.2,-163.8 37.3,-106.3
0 76.4,-156.8 55.6,-99.7
0 37.3,-106.3 27.8,-79.7
0 55.6,-99.7 46.1,-73.0
0 -84.8,-22.1 -101.8,-28.5
0 33.5,22.6 23.3,25.0
0 21.2,18.7 13.3,22.0
0 23.3,25.0 16.5,27.8
0 16.5,27.8 8.8,33.1
0 8.8,33.1 3.4,37.6
0 262.1,-260.8 254.9,-241.3
0 268.3,-258.5 261.1,-239.0
0 261.1,-239.0 250.1,-211.4
0 250.1,-211.4 216.7,-123.8
0 -35.2,31.1 -35.9,28.3
0 -29.6,26.3 -34.7,12.1
0 -35.9,28.3 -40.8,14.7
0 -34.7,12.1 -39.9,1.5
0 -40.8,14.7 -45.6,4.9
0 -39.9,1.5 -48.3,-10.3
0 -45.6,4.9 -53.5,-6.2
0 -53.5,-6.2 -59.8,-13.9
0 291.7,138.3 293.8,132.7
0 281.9,134.6 284.0,129.0
0 293.8,132.7 295.4,128.5
0 284.0,129.0 285.5,124.8
0 295.4,128.5 297.8,122.1
0 285.5,124.8 287.9,118.4
0 286.8,120.8 280.7,118.4
0 55.3,30.6 52.0,39.5
0 61.4,32.9 58.1,41.8
0 280.7,118.4 276.2,116.7
0 -58.3,-28.3 -54.7,-27.0
0 -54.7,-27.0 -33.1,-19.0
0 -33.1,-19.0 -32.5,-18.5
0 110.3,37.8 116.4,22.5
0 100.6,16.4 94.8,31.8
0 100.6,16.4 105.4,18.1
0 111.6,20.4 105.4,18.1
0 111.6,20.4 116.4,22.5
0 170.1,-132.2 172.5,-138.3
0 170.1,-132.2 168.8,-131.6
0 162.6,-133.9 168.8,-131.6
0 162.6,-133.9 161.9,-135.4
0 164.3,-141.5 161.9,-135.4
0 171.0,-137.5 164.8,-139.8
0 153.9,54.9 159.7,39.5
0 144.2,33.5 138.1,48.8
0 153.7,41.2 147.6,38.7
0 214.4,-114.7 216.7,-120.9
0 214.4,-114.7 213.1,-114.4
0 206.9,-116.7 213.1,-114.4
0 206.9,-116.7 206.2,-117.9
0 208.6,-124.1 206.2,-117.9
0 215.5,-120.7 209.4,-123.1
0 -19.2,-179.3 -13.1,-176.9
0 -19.2,-179.3 -19.8,-180.7
0 -17.4,-186.9 -19.8,-180.7
0 -17.4,-186.9 -16.3,-187.4
0 -10.0,-185.3 -16.3,-187.4
0 -10.0,-185.3 -13.1,-176.9
0 -43.7,-92.4 -41.3,-98.6
0 -43.7,-92.4 -45.2,-91.8
0 -51.3,-94.2 -45.2,-91.8
0 -51.3,-94.2 -51.9,-95.5
0 -49.6,-101.7 -51.9,-95.5
0 -49.6,-101.7 -48.2,-102.4
0 -42.0,-100.1 -48.2,-102.4
0 -42.0,-100.1 -41.3,-98.6
0 -175.5,-140.9 -173.2,-147.1
0 -183.0,-142.5 -176.8,-140.3
0 -183.0,-142.5 -183.8,-144.0
0 -181.5,-150.2 -183.8,-144.0
0 -181.5,-150.2 -180.4,-150.7
0 -174.1,-148.8 -180.4,-150.7
0 -174.1,-148.8 -173.2,-147.1
0 -192.7,-80.2 -186.6,-95.6
0 -192.7,-80.2 -208.2,-86.4
0 -202.2,-101.8 -208.2,-86.4
0 -192.6,-94.9 -198.8,-97.1
0 -174.6,-170.8 -168.3,-169.0
0 -174.6,-170.8 -175.5,-172.7
0 -173.1,-178.8 -175.5,-172.7
0 -173.1,-178.8 -171.6,-179.5
0 -165.5,-177.0 -171.6,-179.5
0 -165.5,-177.0 -168.3,-169.0
0 -155.4,-199.1 -153.0,-205.3
0 -155.4,-199.1 -156.9,-198.4
0 -163.0,-200.9 -156.9,-198.4
0 -163.0,-200.9 -163.6,-202.2
0 -161.3,-208.3 -163.6,-202.2
0 -161.3,-208.3 -159.0,-209.2
0 -153.3,-205.9 -159.0,-209.2
0 -153.3,-205.9 -153.0,-205.3
0 -30.5,-150.9 -24.4,-148.5
0 -30.5,-150.9 -31.1,-152.3
0 -28.8,-158.4 -31.1,-152.3
0 -28.8,-158.4 -27.3,-159.1
0 -21.1,-156.7 -27.3,-159.1
0 -21.1,-156.7 -24.4,-148.5
0 -184.9,-210.1 -182.5,-216.3
0 -184.9,-210.1 -193.1,-213.2
0 -190.8,-219.4 -193.1,-213.2
0 -190.8,-219.4 -189.3,-220.0
0 -183.2,-217.7 -189.3,-220.0
0 40.9,-177.8 59.1,-170.8
0 50.2,-188.5 47.7,-182.4
0 63.7,-182.8 45.5,-189.7
0 63.7,-182.8 59.1,-170.8
0 -3.3,-202.4 -0.9,-208.5
0 -3.3,-202.4 -4.5,-201.8
0 -10.7,-203.9 -4.5,-201.8
0 -10.7,-203.9 -11.5,-205.6
0 -9.1,-211.7 -11.5,-205.6
0 -9.1,-211.7 -7.7,-212.4
0 -1.5,-210.0 -7.7,-212.4
0 -1.5,-210.0 -0.9,-208.5
0 -37.5,-215.7 -35.1,-221.8
0 -37.5,-215.7 -45.7,-218.7
0 -43.5,-224.9 -45.7,-218.7
0 -43.5,-224.9 -42.1,-225.6
0 -35.9,-223.4 -42.1,-225.6
0 -35.9,-223.4 -35.1,-221.8
0 288.7,-87.3 290.9,-93.5
0 288.7,-87.3 287.2,-86.8
0 281.1,-89.3 287.2,-86.8
0 281.1,-89.3 280.4,-90.3
0 282.7,-96.5 280.4,-90.3
0 282.7,-96.5 290.9,-93.5
0 246.8,19.9 248.9,13.7
0 246.8,19.9 245.2,20.6
0 239.0,18.3 245.2,20.6
0 239.0,18.3 242.2,10.0
0 248.4,12.4 242.2,10.0
0 248.4,12.4 248.9,13.7
0 226.7,82.5 232.8,67.1
0 217.0,61.0 211.2,76.4
0 226.3,69.6 220.2,67.2
0 -7.6,-7.8 -1.7,-23.2
0 -17.3,-16.0 1.5,-11.0
0 -13.5,-27.7 -19.3,-12.2
0 3.9,-20.1 -15.0,-25.0
0 -1.5,-63.7 16.7,-56.7
0 3.2,-63.2 8.3,-59.0
0 22.5,-72.3 4.2,-79.0
0 22.5,-72.3 16.7,-56.7
0 -155.6,-49.0 -149.7,-64.4
0 -164.8,-57.7 -158.7,-55.3
0 -165.4,-70.4 -171.2,-55.0
0 -165.4,-70.4 -149.7,-64.4
0 -229.1,-76.9 -223.2,-92.4
0 -238.5,-85.3 -232.3,-82.9
0 -238.9,-98.3 -244.8,-82.9
0 -238.9,-98.3 -223.2,-92.4
0 -56.4,185.3 -54.0,179.2
0 -73.8,185.7 -55.6,192.6
0 -73.8,185.7 -66.8,167.2
0 -48.6,174.1 -66.8,167.2
0 77.5,-169.4 80.0,-175.5
0 61.4,-171.9 79.5,-164.6
0 61.4,-171.9 67.6,-187.5
0 85.8,-180.3 67.6,-187.5
0 -150.8,-218.6 -147.9,-212.7
0 -149.6,-221.6 -152.2,-215.6
0 -149.6,-221.6 -143.6,-221.3
0 -141.7,-215.0 -143.6,-221.3
0 -178.7,-226.6 -176.1,-232.7
0 -186.1,-228.4 -180.0,-226.0
0 -186.1,-228.4 -183.0,-236.6
0 -176.8,-234.3 -183.0,-236.6
0 -176.8,-234.3 -176.1,-232.7
0 -71.2,-39.5 -70.2,-46.1
0 -74.2,-33.2 -68.2,-48.6
0 -83.8,-54.8 -89.9,-39.4
0 257.7,198.8 267.5,202.5
0 262.8,190.9 260.5,197.2
0 271.7,191.5 261.8,187.8
0 271.7,191.5 267.5,202.5
0 186.2,174.8 187.5,168.4
0 186.2,174.8 185.4,176.2
0 179.2,174.0 185.4,176.2
0 179.2,174.0 182.3,165.7
0 188.4,168.0 182.3,165.7
0 -5.9,204.7 -3.7,198.4
0 -5.9,204.7 -7.4,205.4
0 -13.6,203.1 -7.4,205.4
0 -13.6,203.1 -14.2,201.6
0 -11.8,195.4 -14.2,201.6
0 -11.8,195.4 -10.7,195.6
0 -4.6,198.1 -10.7,195.6
0 -4.6,198.1 -3.7,198.4
0 221.0,95.4 227.0,80.0
0 210.8,89.1 217.0,91.5
0 211.4,73.9 205.4,89.3
0 152.5,264.3 154.9,258.1
0 152.5,264.3 146.6,262.0
0 149.0,255.9 146.6,262.0
0 149.0,255.9 149.0,255.4
0 155.2,257.7 149.0,255.4
0 155.2,257.7 154.9,258.1
0 17.4,1.9 23.5,-13.4
0 1.0,-10.0 19.2,-2.9
0 9.9,-18.7 4.0,-3.3
0 22.4,-11.6 4.1,-18.3
0 66.5,21.1 72.3,5.7
0 56.7,-0.3 50.7,15.1
0 56.9,2.7 52.9,7.9
0 27.7,-52.9 34.3,-52.7
0 18.7,-55.9 36.8,-48.7
0 18.7,-55.9 24.8,-71.6
0 43.0,-64.7 24.8,-71.6
0 137.3,-145.1 139.7,-151.2
0 137.3,-145.1 136.1,-145.1
0 130.0,-147.6 136.1,-145.1
0 130.0,-147.6 129.1,-148.4
0 131.6,-154.5 129.1,-148.4
0 131.6,-154.5 132.6,-154.0
0 138.7,-151.6 132.6,-154.0
0 138.7,-151.6 139.7,-151.2
0 -92.0,180.7 -73.9,188.0
0 -92.0,180.7 -89.6,174.5
0 -87.2,168.4 -89.6,174.5
0 -87.2,168.4 -84.7,162.4
0 -66.5,169.5 -84.7,162.4
0 -66.5,169.5 -73.9,188.0
0 -228.1,119.9 -225.7,113.7
0 -228.1,119.9 -229.4,120.5
0 -235.6,118.2 -229.4,120.5
0 -235.6,118.2 -236.3,116.8
0 -234.0,110.6 -236.3,116.8
0 -234.0,110.6 -232.4,109.9
0 -226.3,112.4 -232.4,109.9
0 -226.3,112.4 -225.7,113.7
0 -259.1,108.5 -256.9,102.3
0 -266.7,106.9 -260.5,109.1
0 -266.7,106.9 -267.4,105.3
0 -265.0,99.2 -267.4,105.3
0 -265.0,99.2 -256.9,102.3
0 -299.2,92.5 -296.8,86.4
0 -299.2,92.5 -300.5,93.1
0 -306.7,90.9 -300.5,93.1
0 -306.7,90.9 -307.3,89.4
0 -305.1,83.2 -307.3,89.4
0 -305.1,83.2 -303.6,82.5
0 -297.4,84.9 -303.6,82.5
0 -297.4,84.9 -296.8,86.4
0 -250.5,-32.8 -248.2,-39.0
0 -250.5,-32.8 -251.9,-32.2
0 -258.1,-34.6 -251.9,-32.2
0 -258.1,-34.6 -254.9,-42.8
0 -248.8,-40.4 -254.9,-42.8
0 -248.8,-40.4 -248.2,-39.0
0 35.8,219.6 38.2,213.4
0 35.8,219.6 34.4,220.2
0 28.3,217.9 34.4,220.2
0 28.3,217.9 28.7,216.9
0 30.9,210.7 28.7,216.9
0 30.9,210.7 38.2,213.4
0 -185.0,-7.3 -178.9,-4.8
0 -185.0,-7.3 -185.5,-8.6
0 -183.2,-14.8 -185.5,-8.6
0 -183.2,-14.8 -181.7,-15.4
0 -175.6,-13.0 -181.7,-15.4
0 -175.6,-13.0 -178.9,-4.8
0 -11.7,6.1 -6.0,-9.3
0 -24.0,3.4 -5.7,10.0
0 -24.0,3.4 -23.7,1.5
0 -17.8,-13.9 -23.7,1.5
0 -1.1,-2.6 -19.5,-9.2
0 46.7,27.7 52.7,12.3
0 36.9,14.9 38.6,21.3
0 36.8,6.4 31.1,21.8
0 12.6,15.0 18.3,-0.5
0 12.6,15.0 11.9,16.5
0 -6.4,9.8 11.9,16.5
0 5.3,-5.2 -0.2,10.3
0 16.4,4.4 -1.8,-2.7
0 82.6,237.6 85.0,231.5
0 82.6,237.6 74.4,234.5
0 76.8,228.3 74.4,234.5
0 76.8,228.3 78.0,227.8
0 84.3,229.9 78.0,227.8
0 84.3,229.9 85.0,231.5
0 151.3,68.2 157.3,52.8
0 141.2,62.0 147.3,64.4
0 141.6,46.7 135.6,62.1
0 221.5,293.5 231.3,297.3
0 221.5,293.5 221.8,290.8
0 224.2,284.7 221.8,290.8
0 224.2,284.7 225.7,282.5
0 235.5,286.2 225.7,282.5
0 235.5,286.2 231.3,297.3
0 278.7,30.9 280.8,24.7
0 278.7,30.9 271.4,28.4
0 273.5,22.2 271.4,28.4
0 280.2,25.9 273.7,24.5
0 -52.7,-24.9 -46.9,-40.3
0 -60.6,-33.5 -54.1,-34.9
0 -62.5,-46.4 -68.5,-31.0
0 -23.5,55.4 -5.4,62.5
0 -23.5,55.4 -16.6,37.2
0 1.7,44.1 -16.6,37.2
0 -2.9,45.3 -8.0,41.1
0 -47.5,67.1 -29.3,74.2
0 -47.5,67.1 -41.8,53.7
0 -35.8,51.0 -41.8,53.7
0 -22.9,57.2 -41.2,50.5
0 -22.9,57.2 -29.3,74.2
0 -40.6,48.8 -22.3,55.5
0 -26.9,37.5 -33.4,38.9
0 -16.1,38.7 -34.4,32.0
0 -16.1,38.7 -22.3,55.5
0 -71.9,-17.1 -65.8,-32.5
0 -75.3,-21.5 -69.3,-24.2
0 -79.0,-37.5 -84.8,-22.1
0 -57.6,-11.5 -51.6,-26.9
0 -59.8,-13.9 -54.7,-18.1
0 -64.6,-32.0 -70.7,-16.7
0 -31.2,-1.4 -25.3,-16.8
0 -31.2,-1.4 -46.9,-7.4
0 -40.9,-22.8 -46.9,-7.4
0 -33.6,-9.3 -35.1,-15.7
0 287.9,118.4 297.8,122.1
0 292.8,105.4 286.8,120.8
0 300.7,114.2 290.9,110.5
0 65.9,35.2 71.9,19.8
0 65.9,35.2 61.4,32.9
0 55.3,30.6 61.4,32.9
0 55.3,30.6 50.2,29.1
0 56.2,13.7 50.2,29.1
0 -28.0,-67.4 -6.5,-75.3 0.3,-78.9 3.9,-82.9 5.7,-86.1 13.8,-108.4 19.7,-124.5 23.7,-134.7 38.5,-173.0
0 19.7,-124.5 -7.6,-134.8
0 122.0,-147.3 87.3,-161.1 85.5,-161.4 84.3,-161.0 82.7,-159.7 81.0,-155.7 53.3,-89.0 53.0,-86.6 53.6,-84.7 54.0,-81.9 54.0,-79.2 47.5,-60.6 46.9,-57.1 48.0,-52.8 64.9,-8.2 65.6,-6.5 70.3,-1.7 75.2,0.9 104.6,12.8
0 46.7,-71.0 50.8,-81.7
0 -76.1,-11.4 -90.7,-16.7
0 -62.3,-49.6 -83.4,-57.6
0 -7.0,80.7 -10.3,89.6
0 45.7,-9.4 59.5,-16.9 62.1,-10.6
0 32.0,28.1 37.1,41.5 46.8,39.5
0 -101.4,256.2 -85.6,215.5 -67.5,168.6
0 306.7,128.0 304.5,127.4 301.8,128.0 298.9,129.8 297.3,134.0 263.9,220.8 242.7,275.7 239.2,284.7 238.6,286.7 238.6,288.0 239.0,289.1 240.2,291.3 243.7,293.5 249.1,295.7
0 188.0,178.6 168.9,225.6 159.1,251.2 159.9,254.5 161.5,257.4 186.9,267.6 188.9,268.9 190.3,270.5 192.1,271.8 194.9,273.2 218.6,281.5 220.8,281.4 222.1,280.4 223.3,277.9 237.3,240.6 244.0,222.7 247.1,215.9 249.0,212.8 251.1,210.4 252.7,207.1
0 271.2,158.0 280.9,127.8 281.2,125.6 280.6,122.8 279.6,120.6 277.2,119.2 275.4,118.3 255.4,110.8 218.6,97.8
0 206.1,96.8 148.3,75.1
0 135.6,65.8 127.3,63.5 120.6,63.2 113.4,62.4 108.2,61.2 101.3,59.0 91.5,55.1 58.3,42.0
0 44.5,-191.2 62.8,-239.4 70.2,-259.4 77.3,-278.7
0 -11.1,-83.0 -9.3,-81.6 -7.9,-80.0 -6.5,-75.3
0 62.1,-10.6 63.5,-7.2 64.9,-8.2
0 50.8,-81.7 53.3,-89.0
0 51.1,39.0 50.6,39.0 49.8,38.9 46.8,39.5
0 91.5,55.1 91.0,56.5 82.0,81.8
0 -45.5,179.0 -46.7,178.2 -47.3,177.1 -47.6,175.2 -47.5,173.6 -46.2,169.8 -21.9,112.7 -20.2,110.2 -18.6,108.4 -17.2,106.9 -14.6,104.3 -11.9,100.6 -10.0,96.7 1.1,68.6 3.4,65.1 9.4,60.9 36.5,49.7 42.3,47.6 45.1,46.3 47.0,44.8 48.5,43.1 50.6,39.0
0 -286.8,-142.0 -280.6,-136.4 -198.6,-103.9
0 -187.7,-99.8 -85.2,-60.9 -83.6,-62.1 -63.1,-54.7
0 -85.2,-60.9 -86.1,-58.7 -83.4,-57.6
0 279.4,-84.3 218.7,-107.0
0 131.2,-155.4 83.8,-175.1
0 139.6,-152.2 131.2,-155.4
0 201.2,-113.6 122.0,-147.3
0 83.8,-175.1 98.1,-210.2 110.2,-240.0
0 -63.1,-54.7 -28.0,-67.4
