# OpenStreetMap contributors, ODbL; local Unity x,z metres; P parking, T track (height 0 surface, -5 tunnel), E subway entrance, R rail platform, S bus stop, N station, A apron stand, G gate, J jet bridge, X terminal
S|357829294|김포공항국내선|-106.48,-41.09
A|2375319117|3|-173.79,220.17
A|2375319120|137|251.21,192.44
A|2375319130|5|-123.50,168.53
G|2375319136|5|-175.49,148.89
A|2375319144|7|-70.12,121.96
A|2375319159|9|-7.11,90.30
G|2375319162|7|-128.45,100.54
G|2375319176|9|-105.12,78.24
A|2375319196|12|49.98,42.17
G|2375319205|14|22.19,5.68
A|2375319225|14|80.08,-21.58
G|2375319260|16|61.34,-66.12
A|2375319263|15|136.09,-63.22
G|2375319266|17|112.89,-116.59
A|2375319269|17|213.21,-125.97
G|2375319284|20|167.54,-172.31
A|7838507563|16|175.35,-104.60
G|7838507564|18|151.54,-155.60
G|11665601297|4|-177.64,184.19
G|11665601298|6|-139.39,144.53
G|11665601299|8|-105.34,110.49
G|11665601300|10|-75.98,82.07
G|11665601301|11|-24.29,58.16
G|11665601302|12|-10.25,45.39
G|11665601303|13|7.16,28.34
G|11665601304|15|41.24,-66.74
G|11665601305|19|146.18,-173.65
X|226573238|김포국제공항 국내선청사|-58.94,65.78;-63.04,62.66;-84.55,84.30;-130.45,130.51;-171.52,171.86;-184.51,184.95;-199.12,199.65;-213.79,214.42;-237.96,238.59;-251.61,252.25;-258.83,259.46;-265.16,233.78;-217.53,185.67;-204.51,173.07;-144.92,112.88;-101.02,68.92;-102.55,67.20;-91.61,56.73;-106.69,41.70;-130.48,65.96;-130.83,62.23;-142.67,73.95;-172.85,104.60;-181.90,95.42;-192.91,84.12;-167.40,58.21;-142.55,33.59;-133.38,24.30;-132.79,28.03;-123.06,17.96;-99.49,-5.53;-60.42,-44.57;-29.94,-75.64;-7.34,-99.25;-3.50,-98.61;13.08,-97.18;23.26,-96.51;30.87,-96.01;23.01,-88.25;7.10,-72.57;21.72,-57.60;31.54,-67.59;31.54,-63.22;72.25,-105.53;108.70,-142.75;145.93,-180.00;151.13,-185.94;164.68,-182.04;176.57,-178.40;169.77,-171.09;153.50,-154.65;115.62,-116.17;64.08,-64.93;27.34,-28.54;30.89,-24.76;27.04,-20.91;28.87,6.60;29.35,14.36;-19.94,63.71;-24.86,63.06;-55.33,62.35;-58.94,65.78
P|227085074|주차장|-255.39,148.03;-198.47,112.93;-181.90,95.42;-172.85,104.60;-142.67,73.95;-130.83,62.23;-130.48,65.96;-106.69,41.70;-91.61,56.73;-102.55,67.20;-101.02,68.92;-144.92,112.88;-204.51,173.07;-217.53,185.67;-255.39,148.03
P|227085076|김포국제공항 국내선 제1주차장|-269.72,84.00;-261.00,78.08;-249.53,67.10;-237.45,55.54;-224.82,43.44;-216.23,26.93;-210.44,11.70;-209.91,9.15;-203.09,-2.30;-195.80,-14.56;-192.42,-20.07;-181.08,-35.96;-177.88,-42.98;-170.40,-50.46;-155.51,-65.34;-153.82,-66.90;-139.29,-80.32;-125.23,-93.31;-110.61,-106.81;-97.50,-118.92;-82.40,-132.87;-69.11,-145.15;-57.72,-155.67;-46.92,-165.64;-34.20,-177.39;-22.11,-188.56;-10.43,-199.35;1.76,-210.61;25.57,-232.59;30.72,-240.08;32.17,-249.26;32.39,-258.28;28.49,-267.45;24.40,-273.29;17.31,-280.79;5.11,-286.33;-7.32,-287.70;-28.07,-285.79;-47.14,-283.45;-66.23,-281.23;-87.00,-278.53;-106.84,-276.14;-127.06,-273.82;-147.10,-271.26;-160.85,-269.03;-168.05,-265.94;-183.99,-256.47;-187.22,-253.49;-166.46,-232.41;-173.93,-226.14;-185.77,-214.76;-173.15,-202.28;-174.09,-193.53;-185.50,-182.69;-221.91,-213.17;-234.14,-202.48;-245.61,-190.76;-256.71,-178.27;-268.38,-166.56;-270.95,-164.04;-279.16,-156.04;-283.21,-152.11;-283.21,-145.95;-261.68,-124.65;-267.03,-119.37;-277.30,-109.26;-301.81,-133.13;-305.47,-130.33;-309.82,-126.97;-317.86,-118.07;-323.22,-108.50;-325.91,-102.23;-327.78,-96.88;-331.50,-84.88;-333.62,-72.34;-309.25,-49.15;-313.94,-44.54;-323.86,-34.78;-337.42,-21.45;-340.35,-2.71;-343.39,16.74;-344.05,20.92;-343.33,25.18;-341.21,30.62;-289.37,80.81;-277.61,84.89;-274.07,85.18;-269.72,84.00
P|264040019|주차장|271.99,-347.44;271.89,-369.95;255.06,-370.38;247.58,-356.09;242.48,-355.52;168.13,-291.27;228.87,-294.96;231.73,-291.07;228.87,-286.78;211.46,-286.26;200.67,-284.31;184.30,-269.63;199.38,-257.03;196.00,-247.68;160.02,-279.25;149.75,-267.81;172.49,-239.49;177.87,-246.06;206.75,-216.42;209.03,-277.22;271.64,-276.92;271.99,-347.44
P|264040021|주차장|65.31,-107.86;35.52,-135.19;-3.50,-98.61;13.08,-97.18;23.26,-96.51;30.87,-96.01;30.89,-99.70;45.52,-86.28;65.31,-107.86
T|321157203|-5|5호선|-906.49,-2068.83;-867.49,-1935.94;-830.26,-1810.37;-801.84,-1745.92;-786.71,-1718.84;-771.36,-1693.93;-749.08,-1667.82;-715.63,-1641.58;-689.22,-1623.78;-659.59,-1606.33;-628.13,-1592.12;-594.05,-1581.09;-500.00,-1562.64;-448.52,-1548.41;-430.40,-1541.73;-393.57,-1524.57;-356.39,-1505.02;-316.50,-1479.49;-293.19,-1463.70;-258.08,-1433.65;-237.83,-1409.85;-219.57,-1382.97;-199.81,-1335.21;97.14,-496.54;108.73,-452.62;104.94,-408.89;101.15,-370.56;96.57,-350.80;86.53,-312.07;70.16,-267.85;49.34,-228.55;20.96,-196.41;-24.21,-154.94;-76.17,-123.00;-145.04,-96.54;-177.63,-88.92;-209.87,-83.88;-270.41,-80.80;-329.47,-92.65;-359.03,-108.47;-571.66,-250.47;-594.27,-261.87;-631.39,-276.63;-658.96,-283.09;-680.50,-287.70;-710.17,-290.52;-838.27,-277.10;-1545.90,-188.93;-1894.33,-170.58;-1963.01,-163.73;-2153.49,-141.92;-2202.16,-147.53;-2256.31,-148.06;-2298.45,-152.55;-2342.94,-158.70;-2397.51,-169.62;-2469.82,-193.73;-2596.80,-221.22;-2635.51,-230.18;-2665.33,-234.92;-2687.11,-236.81;-2714.68,-237.78;-2743.56,-237.30;-2778.71,-233.03;-2805.68,-226.39;-2840.83,-216.01;-2874.33,-203.20;-2903.20,-189.95;-2921.67,-178.82;-2945.81,-161.79;-2982.86,-127.72;-3010.31,-100.27;-3045.82,-51.03;-3069.05,-11.79;-3083.99,21.23;-3089.73,38.17;-3096.30,57.59;-3106.58,102.68;-3109.67,137.61;-3109.11,172.46;-3105.27,209.34;-3101.55,244.36;-2993.32,670.20;-2990.43,694.75;-2990.12,719.51;-2986.50,1105.70;-2987.81,1293.47;-2988.26,1310.17;-2989.58,1339.11;-2994.89,1377.21;-3000.17,1404.79;-3007.68,1426.89;-3014.08,1445.30;-3021.63,1461.94;-3043.96,1509.20;-3051.69,1520.83;-3061.42,1535.65;-3080.47,1562.87;-3118.79,1612.79;-3332.52,1882.10;-3344.75,1902.20;-3445.09,2064.90;-3796.36,2780.76;-3815.53,2819.52;-3886.84,2971.45;-4006.06,3229.37;-4172.68,3617.72;-4178.26,3628.93;-4206.71,3677.16;-4223.30,3703.72;-4240.16,3727.26;-4255.94,3746.49;-4272.67,3760.81;-4290.15,3772.89;-4309.27,3782.66;-4328.08,3790.43;-4347.38,3796.80;-4371.00,3802.64;-4393.71,3806.92;-4419.19,3809.59;-4444.05,3807.93;-4491.88,3799.03;-4715.73,3755.36;-5451.55,3633.36;-5461.08,3633.51;-5472.43,3635.58;-6411.80,3809.84;-6514.57,3828.84
T|641231868|-5|5호선|-6513.99,3833.92;-6410.97,3814.76;-5472.02,3639.76;-5461.02,3637.68;-5451.58,3637.60;-4717.23,3759.91;-4492.36,3803.84;-4445.27,3813.19;-4419.23,3814.38;-4395.32,3812.24;-4372.13,3807.75;-4347.27,3801.36;-4327.15,3795.20;-4308.45,3788.09;-4289.52,3778.86;-4271.06,3765.60;-4253.54,3751.15;-4237.45,3731.49;-4219.93,3707.35;-4203.36,3681.30;-4174.24,3631.80;-4169.28,3620.67;-4055.98,3357.22;-4001.81,3231.26;-3882.69,2972.88;-3789.85,2782.21;-3442.38,2067.89;-3341.34,1904.17;-3329.60,1884.76;-3115.51,1616.29;-3076.69,1567.88;-3056.57,1539.47;-3047.11,1525.97;-3038.82,1512.48;-3016.10,1464.90;-3002.60,1430.57;-2995.03,1407.61;-2988.87,1378.97;-2983.43,1339.90;-2981.78,1310.78;-2981.54,1293.51;-2982.25,1105.77;-2986.27,720.15;-2986.34,694.12;-2988.87,669.73;-3096.45,243.07;-3100.13,208.39;-3103.67,171.70;-3104.38,136.91;-3101.55,103.54;-3090.90,58.57;-3084.95,40.85;-3079.06,23.29;-3063.67,-9.84;-3040.95,-47.71;-3006.15,-96.24;-2977.98,-123.70;-2941.78,-157.31;-2917.87,-173.64;-2899.88,-184.76;-2872.42,-197.78;-2838.57,-211.27;-2804.49,-220.97;-2777.51,-227.60;-2742.95,-232.57;-2713.84,-232.80;-2686.85,-231.62;-2666.26,-229.50;-2637.15,-225.00;-2598.57,-216.47;-2471.93,-188.31;-2398.08,-164.88;-2345.30,-153.76;-2298.67,-147.37;-2257.72,-143.10;-2201.63,-141.92;-2152.39,-137.18;-1962.57,-158.72;-1894.63,-165.82;-1545.51,-183.34;-838.02,-272.81;-710.68,-285.95;-681.03,-283.41;-660.50,-279.08;-632.31,-271.51;-599.58,-256.43;-576.69,-243.87;-360.61,-105.00;-331.02,-89.13;-270.90,-76.83;-209.13,-80.38;-176.70,-86.06;-144.04,-93.16;-75.87,-119.44;-22.13,-151.38;24.02,-193.28;53.13,-225.95;74.44,-265.00;90.53,-309.74;101.18,-349.26;105.68,-369.14;111.53,-404.86;113.49,-453.16;103.41,-496.97;-194.92,-1336.17;-214.80,-1383.99;-232.72,-1415.23;-253.74,-1440.73;-282.88,-1464.68;-309.75,-1481.35;-359.32,-1513.45;-442.45,-1554.14;-499.54,-1566.55;-593.52,-1586.09;-626.42,-1596.26;-658.37,-1611.17;-685.83,-1627.26;-713.05,-1645.49;-745.48,-1671.99;-767.97,-1697.31;-783.11,-1722.15;-797.78,-1747.48;-825.78,-1816.85;-862.41,-1937.74;-899.36,-2070.40
J|840003544|1|169.77,-171.09;170.74,-169.48;190.79,-176.79;193.86,-173.60
J|840003545|1|203.59,-163.86;206.92,-160.48;208.42,-143.60;206.97,-141.98
J|840003546|1|193.86,-173.60;203.59,-163.86
J|840003547|1|153.50,-154.65;168.79,-139.38;170.05,-121.77;168.73,-119.94
J|840003548|1|126.40,-77.26;128.73,-79.58;125.80,-105.78;115.62,-116.17
J|840003549|1|74.07,-30.58;76.24,-33.40;74.21,-54.37;64.08,-64.93
J|840003550|1|28.87,6.60;43.32,10.70;47.08,27.18;45.81,28.74
J|840003551|1|-24.86,63.06;-22.11,65.46;-20.66,66.17;-16.04,67.17;-5.21,69.54;-8.05,84.17;-9.51,86.21
T|1021093819|-5|서해선|763.73,7846.32;767.48,7771.39;767.37,7769.56;764.39,7721.41;759.23,7665.58;742.56,7590.55;619.99,7186.05;569.91,6998.31;548.89,6925.15;532.14,6836.08;524.12,6775.94;518.95,6689.47;495.48,6360.91;471.47,6101.74;453.24,5926.53;439.16,5795.88;427.41,5689.36;399.94,5471.70;379.75,5365.72;360.27,5318.94;330.07,5263.70;304.69,5225.46;271.67,5186.11;246.30,5162.36;159.22,5068.25;-0.68,4885.22;-50.82,4823.70;-113.89,4722.75;-149.45,4663.54;-173.23,4612.17;-186.24,4571.23;-192.47,4536.17;-197.01,4491.60;-199.18,4454.60;-201.83,4235.90;-201.85,4193.89;-202.41,3872.20;-203.29,3676.84;-203.43,3658.84;-203.79,3472.55;-203.84,3446.31;-201.32,3299.61;-206.26,3237.06;-223.81,3155.30;-273.72,2992.33;-356.55,2731.71;-387.29,2619.67;-465.37,2344.70;-576.05,1933.66;-612.42,1806.46;-627.23,1725.26;-637.68,1649.17;-642.05,1567.24;-637.70,1456.62;-617.43,1337.10;-545.50,1102.01;-322.14,392.49;-214.31,-0.09;-153.06,-219.33;-111.93,-401.84;-51.03,-732.59;-37.83,-846.20;-31.89,-981.83;-31.89,-1244.07;-40.18,-1406.93;-52.49,-1503.99;-87.45,-1668.69;-103.75,-1714.02;-175.80,-1862.82;-444.58,-2326.92;-682.43,-2766.67;-980.46,-3298.76;-1253.52,-3745.07;-1528.80,-4183.96;-1670.70,-4412.48;-1792.30,-4584.96;-1954.72,-4731.07;-2121.81,-4889.13;-2283.20,-5024.43;-2354.61,-5106.17;-2418.90,-5199.41;-2446.95,-5250.10;-2470.32,-5334.68;-2484.32,-5408.10;-2489.38,-5468.39;-2489.22,-5517.40;-2478.18,-5587.76;-2465.18,-5644.76;-2451.66,-5687.29;-2435.59,-5728.10;-2419.49,-5769.03;-2377.49,-5856.12;-2318.27,-5937.30;-2287.64,-5976.51;-2255.38,-6013.88;-2232.55,-6037.22;-2160.86,-6106.74
T|1021093820|-5|서해선|-2165.23,-6110.03;-2238.95,-6040.74;-2246.17,-6032.84;-2261.03,-6017.12;-2292.94,-5980.66;-2324.65,-5940.30;-2348.27,-5908.81;-2386.99,-5853.81;-2427.70,-5773.98;-2446.85,-5731.17;-2462.25,-5690.37;-2476.20,-5646.01;-2487.81,-5590.38;-2500.79,-5517.84;-2501.28,-5466.07;-2496.66,-5409.14;-2482.89,-5335.70;-2472.73,-5286.06;-2456.05,-5238.91;-2418.04,-5167.67;-2359.43,-5079.42;-2292.15,-5009.70;-2129.73,-4877.45;-1963.72,-4726.51;-1803.71,-4575.07;-1684.45,-4401.20;-1551.14,-4174.34;-1285.56,-3723.19;-875.33,-3030.49;-623.87,-2606.64;-287.96,-2019.73;-188.68,-1846.25;-118.32,-1708.92;-98.50,-1649.36;-70.89,-1520.55;-56.74,-1406.93;-50.30,-1236.71;-48.46,-992.87;-49.38,-845.64;-64.02,-738.53;-125.25,-406.45;-166.46,-232.41;-176.18,-191.36;-333.04,390.19;-560.86,1096.52;-635.64,1340.94;-657.32,1449.61;-665.65,1566.12;-660.69,1663.80;-648.07,1738.97;-628.88,1809.75;-595.43,1946.68;-479.58,2352.92;-393.85,2659.03;-332.57,2868.55;-271.13,3052.66;-224.36,3205.24;-217.26,3235.28;-210.10,3282.60;-213.05,3432.46;-212.41,3472.06;-212.67,3540.01;-213.93,3661.19;-215.00,4078.49;-214.98,4082.87;-214.37,4195.21;-214.58,4235.01;-209.25,4441.51;-206.92,4487.32;-203.21,4533.74;-195.47,4573.01;-177.01,4620.39;-155.27,4671.51;-133.93,4704.62;-59.01,4834.07;-21.95,4881.17;153.76,5074.85;246.72,5177.75;296.24,5240.40;325.06,5287.14;347.46,5330.70;363.50,5369.83;390.72,5480.60;416.52,5699.12;444.74,5923.24;449.35,5971.51;451.25,5991.44;461.65,6105.78;485.38,6366.96;494.84,6507.12;501.59,6690.06;504.89,6774.10;512.90,6856.67;528.66,6927.96;550.18,7018.85;600.46,7190.56;650.46,7360.61;734.95,7613.58;749.28,7671.64;754.28,7722.41;754.69,7769.77;750.59,7845.13
J|1254928967|1|-130.45,130.51;-119.23,141.72;-122.89,162.49
J|1254928968|1|-84.55,84.30;-73.54,93.68;-74.80,109.34
J|1254928973|1|-199.12,199.65;-180.69,217.00;-191.96,237.27
J|1254928974|1|-171.52,171.86;-151.63,189.02;-158.98,205.59
