# 0 x,z[,y] ... pedestrian network: sidewalks, zebra crossings, footways. OSM data (c) OpenStreetMap contributors, ODbL
0 97.7,-267.6 30.0,-199.5
0 102.3,-262.9 34.7,-194.8
0 25.3,-194.7 23.2,-192.6
0 29.5,-188.5 37.5,-178.8
0 34.6,-192.7 42.5,-183.1
0 23.2,-192.6 13.3,-182.6
0 27.9,-187.9 18.0,-177.9
0 13.2,-173.1 11.2,-171.1
0 7.2,-178.5 0.3,-175.7
0 11.2,-171.1 -3.4,-156.4
0 -8.1,-161.1 -20.8,-148.3
0 -3.4,-156.4 -16.1,-143.7
0 -20.8,-148.3 -52.1,-116.7
0 -16.1,-143.7 -47.4,-112.1
0 -52.1,-116.7 -78.3,-90.4
0 -47.4,-112.1 -73.6,-85.7
0 -78.3,-90.4 -96.4,-72.1
0 -73.6,-85.7 -91.8,-67.4
0 -201.7,-254.6 -192.7,-252.2
0 -200.1,-261.0 -192.7,-259.1
0 -192.7,-252.2 -185.8,-254.0
0 -192.7,-259.1 -188.2,-260.2
0 -185.8,-254.0 -180.0,-257.2
0 -188.2,-260.2 -183.4,-262.8
0 -180.0,-257.2 -167.9,-265.2
0 -183.4,-262.8 -171.1,-271.0
0 -167.9,-265.2 -161.8,-268.1
0 -171.1,-271.0 -163.7,-274.4
0 -161.8,-268.1 -148.1,-270.2
0 -163.7,-274.4 -149.0,-276.8
0 -149.0,-276.8 -124.2,-279.8
0 -124.2,-279.8 -95.8,-283.2
0 -95.8,-283.2 -72.8,-286.3
0 -72.8,-286.3 -44.8,-289.6
0 -44.0,-283.0 -22.1,-285.9
0 -44.8,-289.6 -22.9,-292.4
0 -22.1,-285.9 -10.6,-287.3
0 -22.9,-292.4 -11.0,-293.9
0 -10.6,-287.3 -2.3,-287.1
0 -11.0,-293.9 -1.5,-293.7
0 -2.3,-287.1 7.3,-284.9
0 -1.5,-293.7 9.3,-291.2
0 7.3,-284.9 13.6,-282.3
0 9.3,-291.2 16.9,-288.1
0 13.6,-282.3 19.0,-278.3
0 16.9,-288.1 23.6,-283.1
0 19.0,-278.3 24.6,-271.3
0 23.6,-283.1 30.0,-275.1
0 24.6,-271.3 29.1,-264.1
0 30.0,-275.1 35.2,-266.8
0 29.1,-264.1 31.2,-256.4
0 35.2,-266.8 37.7,-257.7
0 31.2,-256.4 32.2,-248.8
0 37.7,-257.7 38.8,-249.0
0 32.2,-248.8 31.7,-241.9
0 38.8,-249.0 38.2,-240.5
0 31.7,-241.9 29.7,-236.9
0 38.2,-240.5 35.6,-233.7
0 29.7,-236.9 25.8,-231.8
0 35.6,-233.7 30.8,-227.4
0 25.8,-231.8 14.0,-219.6
0 30.8,-227.4 18.7,-215.0
0 14.0,-219.6 3.7,-209.0
0 18.7,-215.0 8.4,-204.4
0 3.7,-209.0 -8.9,-196.2
0 8.4,-204.4 -4.2,-191.6
0 -8.9,-196.2 -20.4,-184.5
0 -4.2,-191.6 -15.6,-180.0
0 -20.4,-184.5 -31.2,-172.0
0 -15.6,-180.0 -26.2,-167.7
0 -30.8,-161.1 -29.7,-160.0
0 -26.2,-165.8 -25.1,-164.7
0 -37.1,-165.8 -91.4,-112.5
0 -32.4,-161.1 -86.8,-107.8
0 -20.6,-157.6 -18.3,-159.0
0 -24.1,-163.2 -21.8,-164.7
0 -28.3,-159.9 -30.5,-157.8
0 -23.8,-155.1 -25.9,-153.1
0 0.3,-175.7 -7.1,-172.4
0 -7.1,-172.4 -16.5,-167.8
0 -4.3,-166.4 -13.4,-162.0
0 -16.5,-167.8 -21.8,-164.7
0 -13.4,-162.0 -18.3,-159.0
0 -30.5,-157.8 -43.6,-145.0
0 -25.9,-153.1 -38.9,-140.3
0 -43.6,-145.0 -106.9,-82.4
0 -38.9,-140.3 -102.2,-77.8
0 -106.9,-82.4 -117.8,-71.4
0 -102.2,-77.8 -113.1,-66.7
0 -224.8,65.9 -222.2,68.7
0 -220.0,61.4 -217.2,64.4
0 -229.0,61.0 -231.5,63.5
0 -224.3,65.6 -226.9,68.2
0 -219.2,60.3 -212.9,53.7
0 -224.0,55.8 -217.7,49.2
0 -222.2,68.7 -218.1,74.0
0 -217.2,64.4 -213.0,69.8
0 -218.1,74.0 -207.1,86.5
0 -213.0,69.8 -202.3,81.9
0 -207.1,86.5 -206.0,87.5
0 -202.3,81.9 -200.4,83.7
0 -206.0,87.5 -204.9,90.1
0 -200.4,83.7 -198.2,89.0
0 -204.9,90.1 -205.0,91.9
0 -198.2,89.0 -198.5,93.6
0 -205.0,91.9 -206.4,94.7
0 -198.5,93.6 -200.7,98.1
0 -206.4,94.7 -208.5,97.6
0 -200.7,98.1 -203.6,102.0
0 -208.5,97.6 -210.8,99.8
0 -213.7,102.6 -214.8,103.6
0 -209.2,107.3 -210.5,108.6
0 -206.6,108.0 -197.0,109.4
0 -205.7,101.4 -195.7,102.9
0 -214.8,103.6 -220.3,107.8
0 -210.5,108.6 -216.4,113.2
0 98.0,-233.3 40.7,-177.9,6.0
0 102.6,-228.5 45.3,-173.2,6.0
0 40.7,-177.9,6.0 -30.3,-105.7,6.0
0 45.3,-173.2,6.0 -25.6,-101.0,6.0
0 -30.3,-105.7,6.0 -140.2,2.4,6.0
0 -25.6,-101.0,6.0 -135.5,7.0,6.0
0 -125.3,303.4 -94.0,271.5
0 -130.0,298.8 -98.8,266.8
0 -94.0,271.5 -60.2,237.0
0 -98.8,266.8 -64.9,232.4
0 -60.2,237.0 -44.6,221.1
0 -64.9,232.4 -49.3,216.4
0 -44.6,221.1 -11.7,187.5
0 -49.3,216.4 -16.4,182.9
0 -11.7,187.5 5.2,170.3
0 -16.4,182.9 0.5,165.7
0 5.2,170.3 33.4,141.6
0 0.5,165.7 28.6,137.0
0 33.4,141.6 41.9,132.9
0 28.6,137.0 37.1,128.3
0 41.9,132.9 60.8,113.6
0 37.1,128.3 56.1,109.0
0 67.0,107.4 82.9,91.4
0 62.3,102.7 78.2,86.7
0 62.1,113.6 91.5,144.9
0 66.9,109.1 96.3,140.4
0 61.0,102.7 13.9,50.0
0 56.1,107.1 8.9,54.4
0 82.9,91.4 96.9,77.3
0 78.2,86.7 92.2,72.7
0 96.9,77.3 132.8,41.2
0 92.2,72.7 128.1,36.6
0 132.8,41.2 146.0,27.9
0 128.1,36.6 141.3,23.3
0 146.0,27.9 184.6,-10.9
0 141.3,23.3 179.9,-15.6
0 184.6,-10.9 186.0,-12.3
0 179.9,-15.6 181.4,-17.0
0 186.0,-12.3 191.4,-17.5
0 181.4,-17.0 186.9,-22.3
0 191.4,-17.5 196.8,-22.5
0 186.9,-22.3 192.3,-27.3
0 203.2,-28.8 211.8,-37.7
0 198.4,-33.3 207.2,-42.5
0 198.4,-22.4 228.0,8.4
0 203.2,-27.0 232.7,3.7
0 211.8,-37.7 224.7,-48.9
0 207.2,-42.5 220.7,-54.1
0 224.7,-48.9 228.6,-51.6
0 220.7,-54.1 224.7,-56.9
0 228.6,-51.6 240.9,-60.9
0 224.7,-56.9 237.2,-66.3
0 240.9,-60.9 244.6,-63.3
0 237.2,-66.3 241.0,-68.8
0 250.4,-65.9 254.6,-67.1
0 245.2,-72.6 247.6,-75.7
0 254.6,-67.1 260.2,-68.1
0 253.1,-73.5 259.1,-74.6
0 260.2,-68.1 267.1,-69.3
0 259.1,-74.6 265.9,-75.8
0 267.1,-69.3 268.2,-69.5
0 265.9,-75.8 267.2,-76.1
0 268.2,-69.5 278.2,-70.6
0 267.2,-76.1 277.7,-77.2
0 278.2,-70.6 285.3,-70.9
0 277.7,-77.2 284.7,-77.5
0 252.8,-171.3 190.0,-170.5
0 252.9,-164.7 190.5,-163.9
0 254.1,-163.6 254.3,-149.4
0 260.7,-163.7 260.9,-149.5
0 190.0,-170.5 184.1,-169.5
0 190.5,-163.9 185.4,-163.1
0 184.1,-169.5 179.2,-168.4
0 185.4,-163.1 180.9,-162.0
0 179.2,-168.4 174.5,-166.9
0 180.9,-162.0 177.2,-160.8
0 174.5,-166.9 169.9,-164.3
0 177.2,-160.8 173.6,-158.8
0 169.9,-164.3 162.7,-158.5
0 173.6,-158.8 167.1,-153.6
0 162.7,-158.5 157.9,-153.9
0 167.1,-153.6 162.5,-149.2
0 157.9,-153.9 43.8,-37.9
0 162.5,-149.2 49.0,-33.7
0 43.8,-37.9 40.1,-32.4
0 49.0,-33.7 45.9,-29.2
0 40.1,-32.4 37.7,-27.2
0 45.9,-29.2 43.8,-24.7
0 37.7,-27.2 36.0,-22.1
0 43.8,-24.7 42.4,-20.5
0 36.0,-22.1 34.2,-12.4
0 42.4,-20.5 40.8,-11.6
0 34.2,-12.4 32.6,13.6
0 40.8,-11.6 39.1,14.7
0 32.6,13.6 31.7,16.8
0 39.1,14.7 37.8,19.6
0 31.7,16.8 30.3,19.0
0 37.8,19.6 35.8,22.7
0 30.3,19.0 27.3,23.3
0 35.8,22.7 32.5,27.4
0 27.3,23.3 9.0,43.4
0 32.5,27.4 13.9,47.9
0 3.0,49.4 -10.2,61.2
0 7.4,54.3 -5.8,66.1
0 -10.2,61.2 -12.9,63.7
0 -5.8,66.1 -8.8,68.9
0 -12.9,63.7 -16.9,66.5
0 -8.8,68.9 -14.0,72.4
0 -16.9,66.5 -19.9,67.5
0 -14.0,72.4 -18.1,73.8
0 -19.9,67.5 -24.2,68.5
0 -18.1,73.8 -23.1,75.0
0 -24.2,68.5 -48.0,71.0
0 -23.1,75.0 -47.3,77.5
0 -48.0,71.0 -59.3,72.4
0 -47.3,77.5 -58.0,78.8
0 -59.3,72.4 -63.7,73.7
0 -58.0,78.8 -61.4,79.9
0 -63.7,73.7 -68.5,75.9
0 -61.4,79.9 -64.9,81.5
0 -68.5,75.9 -71.6,78.5
0 -64.9,81.5 -67.0,83.3
0 -71.6,78.5 -74.1,81.1
0 -67.0,83.3 -69.2,85.6
0 -74.1,81.1 -79.6,87.3
0 -69.2,85.6 -74.8,91.8
0 -79.6,87.3 -108.8,115.7
0 -74.8,91.8 -104.2,120.4
0 -108.8,115.7 -176.3,183.5
0 -104.2,120.4 -171.6,188.1
0 -176.3,183.5 -273.1,281.2
0 -171.6,188.1 -268.4,285.8
0 254.3,-149.4 254.7,-95.4
0 260.9,-149.5 261.3,-95.2
0 254.7,-95.4 254.5,-90.4
0 261.3,-95.2 261.1,-90.0
0 254.5,-90.4 254.1,-87.3
0 261.1,-90.0 260.7,-86.2
0 254.1,-87.3 253.6,-84.9
0 260.7,-86.2 259.8,-82.5
0 253.6,-84.9 251.7,-81.4
0 259.8,-82.5 257.4,-78.0
0 251.7,-81.4 249.8,-78.4
0 257.4,-78.0 255.1,-74.5
0 249.8,-78.4 247.6,-75.7
0 202.5,257.8 96.3,140.4
0 197.6,262.3 91.5,144.9
0 197.6,264.1 182.4,279.4
0 202.2,268.8 187.1,284.1
0 208.4,262.5 229.0,241.7
0 203.7,257.9 224.3,237.1
0 229.0,241.7 263.8,206.2
0 224.3,237.1 259.2,201.5
0 263.8,206.2 299.1,171.1
0 259.2,201.5 294.5,166.4
0 70.6,-134.0 74.7,-119.1
0 68.3,-142.4 66.9,-147.7
0 61.9,-140.7 60.5,-146.1
0 62.7,-133.1 62.2,-123.9
0 68.2,-117.7 68.8,-113.9
0 74.7,-119.1 75.4,-114.3
0 68.8,-113.9 68.7,-109.8
0 75.4,-114.3 75.3,-109.2
0 68.7,-109.8 68.5,-108.2
0 68.5,-108.2 67.2,-106.6
0 67.2,-106.6 64.5,-103.6
0 64.5,-103.6 50.0,-87.8
0 50.0,-87.8 36.3,-74.2
0 36.3,-74.2 35.3,-73.8
0 35.3,-73.8 33.5,-73.7
0 33.5,-73.7 29.6,-74.0
0 33.4,-67.1 28.7,-67.5
0 29.6,-74.0 27.6,-74.4
0 28.7,-67.5 24.0,-68.4
0 27.6,-74.4 27.2,-74.9
0 24.0,-68.4 21.6,-71.3
0 27.2,-74.9 26.7,-75.9
0 21.6,-71.3 20.3,-73.9
0 26.7,-75.9 26.3,-78.4
0 20.3,-73.9 19.7,-77.9
0 26.3,-78.4 26.3,-88.2
0 -91.4,-112.5 -104.9,-99.1
0 -86.8,-107.8 -100.2,-94.4
0 -104.9,-99.1 -114.2,-89.8
0 -100.2,-94.4 -109.6,-85.1
0 -114.2,-89.8 -118.2,-85.8
0 -109.6,-85.1 -113.5,-81.1
0 -144.3,-211.5 -150.0,-206.2
0 -139.8,-206.6 -145.5,-201.3
0 -140.4,-215.1 -140.1,-215.4
0 -138.0,-206.6 -104.4,-172.9
0 -133.3,-211.3 -99.7,-177.6
0 -156.4,-199.8 -164.4,-191.2
0 -151.5,-195.3 -159.5,-186.7
0 -150.3,-195.3 -117.3,-160.2
0 -145.5,-199.8 -112.5,-164.7
0 -170.4,-185.0 -177.5,-178.1
0 -165.8,-180.3 -172.8,-173.4
0 -164.2,-180.3 -129.4,-145.8
0 -159.5,-185.0 -124.8,-150.5
0 -183.7,-171.8 -191.0,-164.4
0 -179.0,-167.2 -186.2,-159.8
0 -179.9,-177.9 -203.0,-194.9
0 -183.8,-172.6 -206.7,-189.4
0 -177.5,-167.2 -142.8,-132.3
0 -172.8,-171.9 -138.2,-137.0
0 -197.1,-158.2 -204.4,-150.9
0 -192.4,-153.5 -199.7,-146.2
0 -190.9,-153.5 -156.3,-118.4
0 -186.2,-158.1 -151.6,-123.0
0 -210.6,-144.7 -218.5,-136.7
0 -205.9,-140.0 -213.8,-132.1
0 -204.3,-140.0 -169.0,-104.8
0 -199.7,-144.7 -164.3,-109.5
0 -224.7,-130.5 -235.1,-119.7
0 -219.9,-125.8 -230.4,-115.1
0 -218.4,-125.9 -183.1,-90.6
0 -213.8,-130.5 -178.4,-95.3
0 -241.3,-113.6 -247.5,-107.5
0 -236.7,-108.9 -242.8,-102.8
0 -236.7,-119.7 -258.6,-140.5
0 -241.3,-114.9 -263.2,-135.7
0 -235.0,-108.9 -199.7,-74.1
0 -230.4,-113.6 -195.0,-78.8
0 -247.6,-96.7 -213.4,-62.0
0 -242.9,-101.3 -208.7,-66.6
0 -248.7,-107.0 -251.9,-110.1
0 -253.2,-102.2 -256.4,-105.3
0 2.4,-278.1 -9.7,-266.5
0 7.0,-273.3 -5.0,-261.9
0 -9.7,-266.5 -17.9,-257.6
0 -5.0,-261.9 -13.0,-253.2
0 -23.9,-251.7 -29.0,-247.0
0 -19.5,-246.8 -24.6,-242.1
0 -18.9,-257.6 -44.7,-285.7
0 -23.8,-253.2 -49.6,-281.2
0 -17.6,-246.7 11.4,-218.5
0 -12.9,-251.4 16.0,-223.2
0 -35.5,-240.8 -41.3,-234.8
0 -30.8,-236.2 -36.6,-230.2
0 -30.6,-247.1 -63.8,-283.5
0 -35.5,-242.7 -68.7,-279.0
0 -29.2,-236.2 -0.5,-208.2
0 -24.6,-240.9 4.1,-213.0
0 -47.5,-228.5 -52.5,-223.5
0 -42.8,-223.9 -47.8,-218.8
0 -42.6,-234.9 -84.6,-280.8
0 -47.5,-230.4 -89.4,-276.3
0 -41.1,-224.0 -12.7,-197.0
0 -36.6,-228.7 -8.2,-201.7
0 -58.6,-217.2 -63.7,-212.2
0 -54.0,-212.6 -59.1,-207.5
0 -53.7,-223.5 -104.4,-278.4
0 -58.6,-219.0 -109.3,-273.9
0 -52.3,-212.6 -24.4,-186.2
0 -47.7,-217.4 -19.8,-191.0
0 -70.0,-206.0 -75.3,-200.9
0 -65.4,-201.3 -70.7,-196.1
0 -65.1,-212.2 -124.6,-276.1
0 -69.9,-207.7 -129.5,-271.6
0 -63.7,-201.3 -36.5,-175.0
0 -59.1,-206.0 -31.9,-179.8
0 -81.6,-194.9 -86.7,-190.2
0 -77.1,-190.0 -82.2,-185.3
0 -76.7,-200.9 -144.7,-273.5
0 -81.5,-196.4 -149.5,-269.0
0 -75.4,-190.0 -49.3,-163.3
0 -70.7,-194.6 -44.6,-168.0
0 -93.1,-183.7 -98.5,-177.6
0 -88.2,-179.3 -93.6,-173.2
0 -88.4,-190.2 -163.5,-268.1
0 -93.1,-185.6 -164.3,-259.4
0 -86.8,-179.3 -60.0,-153.3
0 -82.3,-184.1 -55.4,-158.0
0 -104.4,-171.4 -111.1,-164.7
0 -99.7,-166.7 -106.4,-160.0
0 -97.9,-166.8 -71.3,-142.7
0 -93.5,-171.7 -66.9,-147.6
0 -117.2,-158.0 -123.6,-150.5
0 -112.2,-153.7 -118.6,-146.2
0 -110.8,-153.8 -84.6,-130.4
0 -106.4,-158.7 -80.2,-135.3
0 -129.4,-144.3 -136.6,-137.0
0 -124.7,-139.6 -131.9,-132.3
0 -123.1,-139.6 -99.8,-116.6
0 -118.5,-144.3 -95.2,-121.3
0 -142.8,-130.6 -150.2,-123.0
0 -138.1,-126.1 -145.5,-118.4
0 -136.4,-126.1 -112.8,-104.4
0 -131.9,-131.0 -108.4,-109.2
0 -156.3,-116.6 -162.9,-109.5
0 -151.5,-112.1 -158.1,-105.0
0 -150.0,-112.1 -127.5,-90.9
0 -145.4,-116.9 -123.0,-95.7
0 -169.0,-103.2 -176.9,-95.3
0 -164.3,-98.6 -172.2,-90.7
0 -162.7,-98.6 -141.6,-78.0
0 -158.1,-103.3 -137.0,-82.7
0 -183.1,-89.1 -193.4,-78.8
0 -178.4,-84.4 -188.8,-74.2
0 -176.8,-84.4 -156.1,-64.5
0 -172.2,-89.2 -151.5,-69.3
0 -199.7,-72.9 -206.9,-66.5
0 -195.3,-68.0 -202.5,-61.6
0 -193.3,-68.0 -172.7,-48.1
0 -188.8,-72.7 -168.1,-52.8
0 -213.4,-60.3 -220.9,-52.7
0 -208.7,-55.7 -216.2,-48.1
0 -207.0,-55.7 -183.3,-33.5
0 -202.5,-60.6 -178.8,-38.4
0 -227.1,-46.5 -234.5,-39.2
0 -222.5,-41.8 -229.8,-34.5
0 -222.4,-52.7 -303.1,-132.7
0 -227.1,-48.0 -307.8,-128.0
0 -220.7,-41.8 -194.7,-17.7
0 -216.2,-46.6 -190.2,-22.5
0 -240.7,-33.0 -246.3,-27.6
0 -236.1,-28.3 -241.7,-22.9
0 -234.4,-28.3 -205.4,0.1
0 -229.8,-33.0 -200.8,-4.7
0 -252.5,-21.2 -257.4,-16.1
0 -247.7,-16.7 -252.6,-11.5
0 -246.1,-16.7 -212.7,14.1
0 -241.6,-21.6 -208.2,9.3
0 -263.4,-9.8 -268.5,-4.8
0 -258.8,-5.2 -263.8,-0.1
0 -256.9,-5.2 -218.4,29.4
0 -252.5,-10.1 -214.0,24.5
0 -274.7,1.5 -279.9,7.0
0 -269.9,6.1 -275.2,11.6
0 -268.4,6.1 -227.1,45.8
0 -263.8,1.3 -222.5,41.1
0 -286.0,13.3 -291.0,18.5
0 -281.2,17.9 -286.2,23.1
0 -279.8,17.9 -239.8,57.9
0 -275.1,13.2 -235.1,53.2
0 -297.1,24.7 -302.2,29.6
0 -292.5,29.4 -297.6,34.3
0 -290.9,29.4 -251.9,69.4
0 -286.2,24.8 -247.2,64.8
0 -302.4,40.5 -263.4,80.4
0 -297.7,35.9 -258.6,75.8
0 -258.7,-142.0 -254.3,-146.7
0 -263.5,-146.6 -259.1,-151.2
0 -264.9,-146.5 -276.8,-158.4
0 -269.5,-141.8 -281.5,-153.7
0 -248.2,-152.9 -242.8,-158.1
0 -252.8,-157.6 -247.5,-162.8
0 -252.7,-146.7 -236.6,-131.3
0 -248.2,-151.5 -232.0,-136.0
0 -254.5,-157.6 -266.1,-168.9
0 -259.1,-152.8 -270.7,-164.2
0 -236.6,-164.3 -231.2,-169.7
0 -241.2,-169.0 -235.8,-174.4
0 -241.0,-158.2 -225.8,-144.1
0 -236.6,-163.0 -221.3,-149.0
0 -242.8,-169.0 -254.4,-180.6
0 -247.5,-164.4 -259.0,-175.9
0 -224.9,-175.8 -219.5,-181.1
0 -229.5,-180.5 -224.2,-185.8
0 -229.5,-169.7 -215.7,-156.2
0 -224.9,-174.4 -211.1,-161.0
0 -231.0,-180.5 -243.2,-193.1
0 -235.8,-175.9 -248.0,-188.5
0 -213.7,-186.9 -210.7,-189.9
0 -218.3,-191.6 -214.8,-195.0
0 -217.9,-181.1 -203.3,-166.7
0 -213.3,-185.8 -198.6,-171.4
0 -219.4,-192.0 -231.8,-204.8
0 -224.2,-187.4 -236.5,-200.2
0 -210.7,-189.9 -209.8,-190.5
0 -214.8,-195.0 -211.9,-196.9
0 -209.8,-190.5 -209.3,-190.5
0 -211.9,-196.9 -208.6,-197.1
0 -209.3,-190.5 -207.9,-190.1
0 -208.6,-197.1 -205.3,-196.3
0 -207.9,-190.1 -206.7,-189.4
0 -205.3,-196.3 -203.0,-194.9
0 -163.3,-245.3 -171.5,-254.2
0 -168.1,-240.8 -181.4,-255.3
0 -171.5,-254.2 -164.3,-259.4
0 -181.4,-255.3 -163.5,-268.1
0 -159.0,-236.7 -141.4,-218.6
0 -154.2,-241.3 -136.5,-223.0
0 -141.4,-218.6 -140.5,-217.5
0 -136.5,-223.0 -134.8,-220.9
0 -140.5,-217.5 -140.1,-216.6
0 -134.8,-220.9 -133.8,-218.5
0 -140.1,-216.6 -140.0,-215.9
0 -133.8,-218.5 -133.3,-216.2
0 -140.0,-215.9 -140.1,-215.4
0 -133.3,-216.2 -133.6,-213.9
0 -133.6,-213.9 -134.4,-211.8
0 -96.4,-72.1 -107.7,-60.9
0 -91.8,-67.4 -103.1,-56.2
0 -107.7,-60.9 -129.3,-39.6
0 -103.1,-56.2 -124.6,-35.0
0 -231.5,63.5 -242.1,73.5
0 -226.9,68.2 -237.5,78.3
0 -242.1,73.5 -250.0,81.3
0 -237.5,78.3 -245.6,86.2
0 -250.0,81.3 -257.2,87.1
0 -245.6,86.2 -254.0,93.0
0 -257.2,87.1 -263.3,89.0
0 -254.0,93.0 -261.9,95.5
0 -263.3,89.0 -272.4,89.9
0 -261.9,95.5 -272.5,96.6
0 -272.4,89.9 -281.8,88.7
0 -272.5,96.6 -283.5,95.2
0 -281.8,88.7 -291.0,84.9
0 -283.5,95.2 -294.1,90.7
0 -291.0,84.9 -300.1,78.6
0 -294.1,90.7 -304.2,83.8
0 -204.9,70.5,6.0 -238.5,104.5,6.0
0 -200.1,75.1,6.0 -234.3,109.6,6.0
0 -200.1,75.1,6.0 -135.5,7.0,6.0
0 -204.9,70.5,6.0 -140.2,2.4,6.0
0 -238.5,104.5,6.0 -248.3,111.0,4.5
0 -234.3,109.6,6.0 -245.4,117.0,4.5
0 -248.3,111.0,4.5 -257.1,113.9,2.8
0 -245.4,117.0,4.5 -255.5,120.3,2.8
0 -257.1,113.9,2.8 -265.7,115.4,1.2
0 -255.5,120.3,2.8 -265.2,122.0,1.2
0 -265.7,115.4,1.2 -272.6,115.4
0 -265.2,122.0,1.2 -272.6,122.0
0 -129.3,-39.6 -140.8,-28.0
0 -124.6,-35.0 -136.1,-23.3
0 -117.8,-71.4 -136.5,-53.0
0 -113.1,-66.7 -131.9,-48.3
0 -136.5,-53.0 -139.7,-49.9
0 -131.9,-48.3 -135.1,-45.2
0 -139.7,-49.9 -162.8,-27.3
0 -135.1,-45.2 -158.2,-22.6
0 -172.7,-37.3 -191.7,-12.4
0 -167.8,-32.8 -186.5,-8.4
0 -167.8,-32.8 -144.3,-54.0
0 -172.7,-37.3 -148.7,-59.0
0 -186.5,-8.4 -197.4,5.2
0 -202.9,1.5 -206.1,7.5
0 -197.4,5.2 -199.8,9.8
0 -206.1,7.5 -207.6,14.4
0 -207.6,14.4 -207.0,19.4
0 -198.7,21.3 -196.6,17.7
0 -208.1,25.4 -210.5,30.8
0 -202.1,28.0 -204.2,33.1
0 -118.2,-85.8 -124.9,-79.2
0 -113.5,-81.1 -120.5,-74.3
0 -124.9,-79.2 -148.7,-59.0
0 -120.5,-74.3 -144.3,-54.0
0 -162.8,-27.3 -167.7,-22.4
0 -158.2,-22.6 -163.1,-17.7
0 -167.7,-22.4 -197.5,7.2
0 -163.1,-17.7 -192.3,11.4
0 -192.3,11.4 -196.6,17.7
0 -210.5,30.8 -214.2,43.1
0 -208.3,48.9 -206.2,46.9
0 -140.8,-28.0 -161.1,-7.6
0 -136.1,-23.3 -156.5,-3.0
0 -161.1,-7.6 -178.2,9.5
0 -156.5,-3.0 -173.6,14.2
0 -178.2,9.5 -210.9,42.2
0 -173.6,14.2 -206.2,46.9
0 -167.4,114.5 -105.2,55.5
0 -172.0,109.7 -109.7,50.7
0 -178.4,115.9 -226.4,163.3
0 -173.7,120.6 -221.7,168.0
0 -174.2,110.3 -178.5,107.5
0 -177.9,115.8 -181.3,113.5
0 -196.4,108.1 -235.9,146.7
0 -191.8,112.8 -231.3,151.4
0 -192.6,103.6 -195.7,102.9
0 -190.4,110.9 -189.0,111.2
0 -189.0,104.5 -187.3,104.8
0 -189.0,111.2 -181.3,113.5
0 -187.3,104.8 -178.5,107.5
0 37.5,-178.8 54.0,-160.8
0 42.5,-183.1 59.1,-165.0
0 54.0,-160.8 57.5,-156.0
0 59.1,-165.0 63.4,-159.1
0 57.5,-156.0 59.1,-151.7
0 63.4,-159.1 65.4,-153.6
0 59.1,-151.7 60.5,-146.1
0 65.4,-153.6 66.9,-147.7
0 62.2,-123.9 61.7,-119.9
0 61.7,-119.9 60.9,-117.8
0 68.2,-118.3 66.4,-113.8
0 60.9,-117.8 60.4,-117.4
0 66.4,-113.8 63.8,-111.6
0 60.4,-117.4 59.5,-117.1
0 63.8,-111.6 60.9,-110.6
0 59.5,-117.1 56.7,-116.9
0 60.9,-110.6 57.1,-110.3
0 56.7,-116.9 54.3,-116.8
0 57.1,-110.3 55.8,-110.2
0 54.3,-116.8 50.9,-115.3
0 55.8,-110.2 54.7,-109.7
0 50.9,-115.3 47.8,-112.2
0 54.7,-109.7 52.5,-107.6
0 47.8,-112.2 38.7,-102.7
0 52.5,-107.6 43.0,-97.7
0 38.7,-102.7 38.0,-102.2
0 43.0,-97.7 40.5,-95.9
0 38.0,-102.2 37.2,-102.1
0 40.5,-95.9 36.4,-95.3
0 37.2,-102.1 36.7,-102.3
0 36.4,-95.3 33.3,-96.5
0 36.7,-102.3 35.2,-103.5
0 33.3,-96.5 30.6,-98.8
0 35.2,-103.5 31.9,-107.2
0 30.6,-98.8 27.0,-102.8
0 23.1,-108.6 22.3,-107.1
0 23.9,-110.0 24.2,-110.7
0 26.6,-96.2 27.4,-101.4
0 20.0,-96.8 20.9,-103.0
0 20.9,-103.0 22.3,-107.1
0 24.2,-110.7 26.9,-114.6
0 32.1,-110.5 43.8,-123.6
0 26.9,-114.6 38.9,-128.0
0 -269.2,-116.9 -256.4,-105.3
0 -264.8,-121.8 -251.9,-110.1
0 29.5,-188.5 34.6,-192.7
0 25.3,-194.7 29.9,-190.0
0 25.3,-194.7 30.0,-199.5
0 34.7,-194.8 30.0,-199.5
0 34.7,-194.8 34.6,-192.7
0 8.5,-177.8 13.2,-173.1
0 7.2,-178.5 9.7,-172.4
0 7.2,-178.5 13.3,-182.6
0 18.0,-177.9 13.3,-182.6
0 18.0,-177.9 13.2,-173.1
0 -30.8,-161.1 -26.2,-165.8
0 -30.8,-161.1 -32.4,-161.1
0 -37.1,-165.8 -32.4,-161.1
0 -37.1,-165.8 -31.2,-172.0
0 -26.2,-167.7 -31.2,-172.0
0 -26.2,-167.7 -26.2,-165.8
0 -28.3,-159.9 -23.8,-155.1
0 -25.1,-164.7 -29.7,-160.0
0 -25.1,-164.7 -24.1,-163.2
0 -20.6,-157.6 -24.1,-163.2
0 -20.6,-157.6 -23.8,-155.1
0 -224.8,65.9 -220.0,61.4
0 -224.8,65.9 -224.3,65.6
0 -229.0,61.0 -224.3,65.6
0 -229.0,61.0 -224.0,55.8
0 -219.2,60.3 -224.0,55.8
0 -219.2,60.3 -220.0,61.4
0 -206.6,108.0 -205.7,101.4
0 -206.6,108.0 -209.2,107.3
0 -213.7,102.6 -209.2,107.3
0 -213.7,102.6 -210.8,99.8
0 -206.2,104.5 -210.8,99.8
0 62.1,113.6 66.9,109.1
0 62.1,113.6 60.8,113.6
0 56.1,109.0 60.8,113.6
0 56.1,109.0 56.1,107.1
0 61.0,102.7 56.1,107.1
0 61.0,102.7 62.3,102.7
0 67.0,107.4 62.3,102.7
0 67.0,107.4 66.9,109.1
0 198.4,-22.4 203.2,-27.0
0 198.4,-22.4 196.8,-22.5
0 192.3,-27.3 196.8,-22.5
0 192.3,-27.3 198.4,-33.3
0 203.2,-28.8 198.4,-33.3
0 203.2,-28.8 203.2,-27.0
0 241.0,-68.8 244.6,-63.3
0 241.0,-68.8 245.2,-72.6
0 250.5,-68.6 245.2,-72.6
0 250.4,-65.9 248.6,-72.2
0 250.4,-65.9 244.6,-63.3
0 254.1,-163.6 260.7,-163.7
0 254.1,-163.6 252.9,-164.7
0 252.8,-171.3 252.9,-164.7
0 252.8,-171.3 261.7,-171.3
0 261.7,-164.7 261.7,-171.3
0 261.7,-164.7 260.7,-163.7
0 8.9,54.4 13.9,50.0
0 8.9,54.4 7.4,54.3
0 3.0,49.4 7.4,54.3
0 3.0,49.4 9.0,43.4
0 13.9,47.9 9.0,43.4
0 13.9,47.9 13.9,50.0
0 197.6,264.1 202.2,268.8
0 197.6,264.1 197.6,262.3
0 202.5,257.8 197.6,262.3
0 202.5,257.8 203.7,257.9
0 208.4,262.5 203.7,257.9
0 208.4,262.5 202.2,268.8
0 64.3,-132.2 70.6,-134.0
0 62.7,-133.1 69.3,-132.7
0 62.7,-133.1 61.9,-140.7
0 68.3,-142.4 61.9,-140.7
0 68.3,-142.4 70.6,-134.0
0 -138.0,-206.6 -133.3,-211.3
0 -138.0,-206.6 -139.8,-206.6
0 -144.3,-211.5 -139.8,-206.6
0 -144.3,-211.5 -140.4,-215.1
0 -135.8,-210.4 -140.4,-215.1
0 -150.3,-195.3 -145.5,-199.8
0 -150.3,-195.3 -151.5,-195.3
0 -156.4,-199.8 -151.5,-195.3
0 -156.4,-199.8 -156.3,-201.8
0 -151.5,-206.3 -156.3,-201.8
0 -151.5,-206.3 -150.0,-206.2
0 -145.5,-201.3 -150.0,-206.2
0 -145.5,-201.3 -145.5,-199.8
0 -164.2,-180.3 -159.5,-185.0
0 -164.2,-180.3 -165.8,-180.3
0 -170.4,-185.0 -165.8,-180.3
0 -170.4,-185.0 -164.4,-191.2
0 -159.5,-186.7 -164.4,-191.2
0 -159.5,-186.7 -159.5,-185.0
0 -177.5,-167.2 -172.8,-171.9
0 -177.5,-167.2 -179.0,-167.2
0 -183.7,-171.8 -179.0,-167.2
0 -183.7,-171.8 -183.8,-172.6
0 -179.9,-177.9 -183.8,-172.6
0 -179.9,-177.9 -177.5,-178.1
0 -172.8,-173.4 -177.5,-178.1
0 -172.8,-173.4 -172.8,-171.9
0 -190.9,-153.5 -186.2,-158.1
0 -190.9,-153.5 -192.4,-153.5
0 -197.1,-158.2 -192.4,-153.5
0 -197.1,-158.2 -191.0,-164.4
0 -186.2,-159.8 -191.0,-164.4
0 -186.2,-159.8 -186.2,-158.1
0 -204.3,-140.0 -199.7,-144.7
0 -204.3,-140.0 -205.9,-140.0
0 -210.6,-144.7 -205.9,-140.0
0 -210.6,-144.7 -204.4,-150.9
0 -199.7,-146.2 -204.4,-150.9
0 -199.7,-146.2 -199.7,-144.7
0 -218.4,-125.9 -213.8,-130.5
0 -218.4,-125.9 -219.9,-125.8
0 -224.7,-130.5 -219.9,-125.8
0 -224.7,-130.5 -218.5,-136.7
0 -213.8,-132.1 -218.5,-136.7
0 -213.8,-132.1 -213.8,-130.5
0 -235.0,-108.9 -230.4,-113.6
0 -235.0,-108.9 -236.7,-108.9
0 -241.3,-113.6 -236.7,-108.9
0 -241.3,-113.6 -241.3,-114.9
0 -236.7,-119.7 -241.3,-114.9
0 -236.7,-119.7 -235.1,-119.7
0 -230.4,-115.1 -235.1,-119.7
0 -230.4,-115.1 -230.4,-113.6
0 -247.6,-96.7 -242.9,-101.3
0 -247.6,-96.7 -253.2,-102.2
0 -248.7,-107.0 -253.2,-102.2
0 -248.7,-107.0 -247.5,-107.5
0 -242.8,-102.8 -247.5,-107.5
0 -242.8,-102.8 -242.9,-101.3
0 -17.6,-246.7 -12.9,-251.4
0 -17.6,-246.7 -19.5,-246.8
0 -23.9,-251.7 -19.5,-246.8
0 -23.9,-251.7 -23.8,-253.2
0 -18.9,-257.6 -23.8,-253.2
0 -18.9,-257.6 -17.9,-257.6
0 -13.0,-253.2 -17.9,-257.6
0 -13.0,-253.2 -12.9,-251.4
0 -29.2,-236.2 -24.6,-240.9
0 -29.2,-236.2 -30.8,-236.2
0 -35.5,-240.8 -30.8,-236.2
0 -35.5,-240.8 -35.5,-242.7
0 -30.6,-247.1 -35.5,-242.7
0 -30.6,-247.1 -29.0,-247.0
0 -24.6,-242.1 -29.0,-247.0
0 -24.6,-242.1 -24.6,-240.9
0 -41.1,-224.0 -36.6,-228.7
0 -41.1,-224.0 -42.8,-223.9
0 -47.5,-228.5 -42.8,-223.9
0 -47.5,-228.5 -47.5,-230.4
0 -42.6,-234.9 -47.5,-230.4
0 -42.6,-234.9 -41.3,-234.8
0 -36.6,-230.2 -41.3,-234.8
0 -36.6,-230.2 -36.6,-228.7
0 -52.3,-212.6 -47.7,-217.4
0 -52.3,-212.6 -54.0,-212.6
0 -58.6,-217.2 -54.0,-212.6
0 -58.6,-217.2 -58.6,-219.0
0 -53.7,-223.5 -58.6,-219.0
0 -53.7,-223.5 -52.5,-223.5
0 -47.8,-218.8 -52.5,-223.5
0 -47.8,-218.8 -47.7,-217.4
0 -63.7,-201.3 -59.1,-206.0
0 -63.7,-201.3 -65.4,-201.3
0 -70.0,-206.0 -65.4,-201.3
0 -70.0,-206.0 -69.9,-207.7
0 -65.1,-212.2 -69.9,-207.7
0 -65.1,-212.2 -63.7,-212.2
0 -59.1,-207.5 -63.7,-212.2
0 -59.1,-207.5 -59.1,-206.0
0 -75.4,-190.0 -70.7,-194.6
0 -75.4,-190.0 -77.1,-190.0
0 -81.6,-194.9 -77.1,-190.0
0 -81.6,-194.9 -81.5,-196.4
0 -76.7,-200.9 -81.5,-196.4
0 -76.7,-200.9 -75.3,-200.9
0 -70.7,-196.1 -75.3,-200.9
0 -70.7,-196.1 -70.7,-194.6
0 -86.8,-179.3 -82.3,-184.1
0 -86.8,-179.3 -88.2,-179.3
0 -93.1,-183.7 -88.2,-179.3
0 -93.1,-183.7 -93.1,-185.6
0 -88.4,-190.2 -93.1,-185.6
0 -88.4,-190.2 -86.7,-190.2
0 -82.2,-185.3 -86.7,-190.2
0 -82.2,-185.3 -82.3,-184.1
0 -97.9,-166.8 -93.5,-171.7
0 -97.9,-166.8 -99.7,-166.7
0 -104.4,-171.4 -99.7,-166.7
0 -104.4,-171.4 -104.4,-172.9
0 -99.7,-177.6 -104.4,-172.9
0 -99.7,-177.6 -98.5,-177.6
0 -93.6,-173.2 -98.5,-177.6
0 -93.6,-173.2 -93.5,-171.7
0 -110.8,-153.8 -106.4,-158.7
0 -110.8,-153.8 -112.2,-153.7
0 -117.2,-158.0 -112.2,-153.7
0 -117.2,-158.0 -117.3,-160.2
0 -112.5,-164.7 -117.3,-160.2
0 -112.5,-164.7 -111.1,-164.7
0 -106.4,-160.0 -111.1,-164.7
0 -106.4,-160.0 -106.4,-158.7
0 -123.1,-139.6 -118.5,-144.3
0 -123.1,-139.6 -124.7,-139.6
0 -129.4,-144.3 -124.7,-139.6
0 -129.4,-144.3 -129.4,-145.8
0 -124.8,-150.5 -129.4,-145.8
0 -124.8,-150.5 -123.6,-150.5
0 -118.6,-146.2 -123.6,-150.5
0 -118.6,-146.2 -118.5,-144.3
0 -136.4,-126.1 -131.9,-131.0
0 -136.4,-126.1 -138.1,-126.1
0 -142.8,-130.6 -138.1,-126.1
0 -142.8,-130.6 -142.8,-132.3
0 -138.2,-137.0 -142.8,-132.3
0 -138.2,-137.0 -136.6,-137.0
0 -131.9,-132.3 -136.6,-137.0
0 -131.9,-132.3 -131.9,-131.0
0 -150.0,-112.1 -145.4,-116.9
0 -150.0,-112.1 -151.5,-112.1
0 -156.3,-116.6 -151.5,-112.1
0 -156.3,-116.6 -156.3,-118.4
0 -151.6,-123.0 -156.3,-118.4
0 -151.6,-123.0 -150.2,-123.0
0 -145.5,-118.4 -150.2,-123.0
0 -145.5,-118.4 -145.4,-116.9
0 -162.7,-98.6 -158.1,-103.3
0 -162.7,-98.6 -164.3,-98.6
0 -169.0,-103.2 -164.3,-98.6
0 -169.0,-103.2 -169.0,-104.8
0 -164.3,-109.5 -169.0,-104.8
0 -164.3,-109.5 -162.9,-109.5
0 -158.1,-105.0 -162.9,-109.5
0 -158.1,-105.0 -158.1,-103.3
0 -176.8,-84.4 -172.2,-89.2
0 -176.8,-84.4 -178.4,-84.4
0 -183.1,-89.1 -178.4,-84.4
0 -183.1,-89.1 -183.1,-90.6
0 -178.4,-95.3 -183.1,-90.6
0 -178.4,-95.3 -176.9,-95.3
0 -172.2,-90.7 -176.9,-95.3
0 -172.2,-90.7 -172.2,-89.2
0 -193.3,-68.0 -188.8,-72.7
0 -193.3,-68.0 -195.3,-68.0
0 -199.7,-72.9 -195.3,-68.0
0 -199.7,-72.9 -199.7,-74.1
0 -195.0,-78.8 -199.7,-74.1
0 -195.0,-78.8 -193.4,-78.8
0 -188.8,-74.2 -193.4,-78.8
0 -188.8,-74.2 -188.8,-72.7
0 -207.0,-55.7 -202.5,-60.6
0 -207.0,-55.7 -208.7,-55.7
0 -213.4,-60.3 -208.7,-55.7
0 -213.4,-60.3 -213.4,-62.0
0 -208.7,-66.6 -213.4,-62.0
0 -208.7,-66.6 -206.9,-66.5
0 -202.5,-61.6 -206.9,-66.5
0 -202.5,-61.6 -202.5,-60.6
0 -220.7,-41.8 -216.2,-46.6
0 -220.7,-41.8 -222.5,-41.8
0 -227.1,-46.5 -222.5,-41.8
0 -227.1,-46.5 -227.1,-48.0
0 -222.4,-52.7 -227.1,-48.0
0 -222.4,-52.7 -220.9,-52.7
0 -216.2,-48.1 -220.9,-52.7
0 -216.2,-48.1 -216.2,-46.6
0 -234.4,-28.3 -229.8,-33.0
0 -234.4,-28.3 -236.1,-28.3
0 -240.7,-33.0 -236.1,-28.3
0 -240.7,-33.0 -240.7,-34.6
0 -236.0,-39.2 -240.7,-34.6
0 -236.0,-39.2 -234.5,-39.2
0 -229.8,-34.5 -234.5,-39.2
0 -229.8,-34.5 -229.8,-33.0
0 -246.1,-16.7 -241.6,-21.6
0 -246.1,-16.7 -247.7,-16.7
0 -252.5,-21.2 -247.7,-16.7
0 -252.5,-21.2 -252.6,-22.9
0 -247.8,-27.6 -252.6,-22.9
0 -247.8,-27.6 -246.3,-27.6
0 -241.7,-22.9 -246.3,-27.6
0 -241.7,-22.9 -241.6,-21.6
0 -256.9,-5.2 -252.5,-10.1
0 -256.9,-5.2 -258.8,-5.2
0 -263.4,-9.8 -258.8,-5.2
0 -263.4,-9.8 -263.4,-11.4
0 -258.7,-16.1 -263.4,-11.4
0 -258.7,-16.1 -257.4,-16.1
0 -252.6,-11.5 -257.4,-16.1
0 -252.6,-11.5 -252.5,-10.1
0 -268.4,6.1 -263.8,1.3
0 -268.4,6.1 -269.9,6.1
0 -274.7,1.5 -269.9,6.1
0 -274.7,1.5 -274.7,-0.1
0 -270.0,-4.8 -274.7,-0.1
0 -270.0,-4.8 -268.5,-4.8
0 -263.8,-0.1 -268.5,-4.8
0 -263.8,-0.1 -263.8,1.3
0 -279.8,17.9 -275.1,13.2
0 -279.8,17.9 -281.2,17.9
0 -286.0,13.3 -281.2,17.9
0 -286.0,13.3 -286.0,11.4
0 -281.1,7.0 -286.0,11.4
0 -281.1,7.0 -279.9,7.0
0 -275.2,11.6 -279.9,7.0
0 -275.2,11.6 -275.1,13.2
0 -290.9,29.4 -286.2,24.8
0 -290.9,29.4 -292.5,29.4
0 -297.1,24.7 -292.5,29.4
0 -297.1,24.7 -297.1,23.2
0 -292.4,18.5 -297.1,23.2
0 -292.4,18.5 -291.0,18.5
0 -286.2,23.1 -291.0,18.5
0 -286.2,23.1 -286.2,24.8
0 -302.4,40.5 -297.7,35.9
0 -302.4,40.5 -304.0,40.4
0 -303.8,29.6 -302.2,29.6
0 -297.6,34.3 -302.2,29.6
0 -297.6,34.3 -297.7,35.9
0 -263.2,-135.7 -258.6,-140.5
0 -263.2,-135.7 -269.5,-141.8
0 -264.9,-146.5 -269.5,-141.8
0 -264.9,-146.5 -263.5,-146.6
0 -258.7,-142.0 -263.5,-146.6
0 -258.7,-142.0 -258.6,-140.5
0 -252.7,-146.7 -248.2,-151.5
0 -252.7,-146.7 -254.3,-146.7
0 -259.1,-151.2 -254.3,-146.7
0 -259.1,-151.2 -259.1,-152.8
0 -254.5,-157.6 -259.1,-152.8
0 -254.5,-157.6 -252.8,-157.6
0 -248.2,-152.9 -252.8,-157.6
0 -248.2,-152.9 -248.2,-151.5
0 -241.0,-158.2 -236.6,-163.0
0 -241.0,-158.2 -242.8,-158.1
0 -247.5,-162.8 -242.8,-158.1
0 -247.5,-162.8 -247.5,-164.4
0 -242.8,-169.0 -247.5,-164.4
0 -242.8,-169.0 -241.2,-169.0
0 -236.6,-164.3 -241.2,-169.0
0 -236.6,-164.3 -236.6,-163.0
0 -229.5,-169.7 -224.9,-174.4
0 -229.5,-169.7 -231.2,-169.7
0 -235.8,-174.4 -231.2,-169.7
0 -235.8,-174.4 -235.8,-175.9
0 -231.0,-180.5 -235.8,-175.9
0 -231.0,-180.5 -229.5,-180.5
0 -224.9,-175.8 -229.5,-180.5
0 -224.9,-175.8 -224.9,-174.4
0 -217.9,-181.1 -213.3,-185.8
0 -217.9,-181.1 -219.5,-181.1
0 -224.2,-185.8 -219.5,-181.1
0 -224.2,-185.8 -224.2,-187.4
0 -219.4,-192.0 -224.2,-187.4
0 -219.4,-192.0 -218.3,-191.6
0 -213.7,-186.9 -218.3,-191.6
0 -213.7,-186.9 -213.3,-185.8
0 -208.1,25.4 -202.1,28.0
0 -208.1,25.4 -207.0,19.4
0 -200.5,18.6 -207.0,19.4
0 -198.7,21.3 -204.4,18.0
0 -198.7,21.3 -202.1,28.0
0 -217.7,49.2 -212.9,53.7
0 -217.7,49.2 -214.2,43.1
0 -207.8,45.0 -214.2,43.1
0 -208.3,48.9 -212.9,44.3
0 -208.3,48.9 -212.9,53.7
0 -178.4,115.9 -173.7,120.6
0 -178.4,115.9 -177.9,115.8
0 -174.2,110.3 -177.9,115.8
0 -174.2,110.3 -172.0,109.7
0 -167.4,114.5 -172.0,109.7
0 -167.4,114.5 -173.7,120.6
0 -190.4,110.9 -189.0,104.5
0 -190.4,110.9 -191.8,112.8
0 -196.4,108.1 -191.8,112.8
0 -192.6,103.6 -194.1,110.0
0 -192.6,103.6 -189.0,104.5
0 27.0,-102.8 31.9,-107.2
0 23.1,-108.6 29.0,-105.6
0 23.1,-108.6 23.9,-110.0
0 29.7,-107.0 23.9,-110.0
0 -307.4,135.4 -296.5,135.9 -261.6,125.5 -243.0,116.7 -225.2,103.3 -208.6,86.8
