# [B]width[>] x,z[,y] ... car and bus lane centre lines in Unity metres; B bus only, > one way. OSM data (c) OpenStreetMap contributors, ODbL
5> 100.0,-265.2 29.3,-194.0 25.5,-190.3 12.5,-177.1 8.8,-173.4 -5.7,-158.8 -18.4,-146.0 -49.8,-114.4 -76.0,-88.0
5> -200.9,-257.8 -192.7,-255.6 -187.0,-257.1 -181.7,-260.0 -169.5,-268.1 -162.7,-271.3 -148.5,-273.5 -123.8,-276.5 -95.4,-279.9 -72.4,-283.0 -44.4,-286.3 -22.5,-289.1 -10.8,-290.6 -1.9,-290.4 8.3,-288.1 15.3,-285.2 21.3,-280.7 27.3,-273.2 32.2,-265.5 34.4,-257.1 35.5,-248.9 34.9,-241.2 32.7,-235.3 28.3,-229.6 16.3,-217.3 6.0,-206.7 -6.5,-193.9 -18.0,-182.3 -31.6,-166.5 -24.3,-159.2
5> 12.5,-177.1 1.7,-172.6 -5.7,-169.4 -15.0,-164.9 -20.1,-161.9 -24.3,-159.2 -28.2,-155.5 -41.2,-142.7 -104.5,-80.1
5> -224.6,61.2 -219.7,66.5 -215.6,71.9 -204.7,84.2 -203.2,85.6 -201.5,89.5 -201.8,92.8 -203.6,96.4 -206.0,99.8 -210.5,104.1 -212.6,106.1 -218.4,110.5
5> 100.3,-230.9 43.0,-175.6,6.0 -27.9,-103.4,6.0
5 66.3,-137.3 71.5,-118.4 72.1,-114.1 72.0,-109.5 71.6,-106.9 69.8,-104.5 67.0,-101.4 52.4,-85.5 38.2,-71.3 36.0,-70.5 33.4,-70.4 29.1,-70.7 25.8,-71.4 24.4,-73.1 23.5,-74.9 23.0,-78.1 23.0,-88.3
5> -31.6,-166.5 -89.1,-110.2 -102.5,-96.8 -111.9,-87.4
5> -94.1,-69.7 -105.4,-58.5
5> -224.6,61.2 -229.2,65.8 -239.8,75.9 -247.8,83.8 -255.6,90.0 -262.6,92.3 -272.4,93.2 -282.6,91.9 -292.6,87.8 -302.1,81.2
5> -202.5,72.8,6.0 -236.4,107.0,6.0 -246.9,114.0,4.5 -256.3,117.1,2.8 -265.4,118.7,1.2 -272.6,118.7
5> -105.4,-58.5 -126.9,-37.3
5> -104.5,-80.1 -115.5,-69.1
5> -115.5,-69.1 -134.2,-50.6 -137.4,-47.5
5> -170.2,-35.0 -189.1,-10.4 -200.2,3.4 -203.0,8.6 -204.3,14.5 -203.3,22.7
5> -111.9,-87.4 -115.9,-83.4 -122.7,-76.7
5> -137.4,-47.5 -160.5,-24.9
5> -160.5,-24.9 -165.4,-20.0 -194.9,9.3 -199.4,16.0 -203.3,22.7 -207.4,31.9 -212.3,48.3
5> -126.9,-37.3 -138.5,-25.6
5> -138.5,-25.6 -158.8,-5.3 -175.9,11.8 -208.6,44.6 -212.3,48.3
5> -137.9,4.7,6.0 -202.5,72.8,6.0
5> -27.9,-103.4,6.0 -137.9,4.7,6.0
5 -210.5,104.1 -196.3,106.1 -190.9,107.4 -188.2,108.0 -179.9,110.5 -172.9,115.1
5 29.3,-194.0 40.0,-181.0 56.6,-162.9 60.5,-157.5 62.2,-152.7 63.7,-146.9 66.3,-137.3
5 66.3,-137.3 65.5,-123.6 65.0,-119.1 63.7,-115.8 62.1,-114.5 60.2,-113.8 56.9,-113.6 55.1,-113.5 52.8,-112.5 50.2,-109.9 40.9,-100.2 39.2,-99.1 36.8,-98.7 35.0,-99.4 32.9,-101.1 26.6,-108.1
5> -146.5,-56.5 -170.2,-35.0
5> -122.7,-76.7 -146.5,-56.5
5 23.3,-96.5 24.1,-102.2 25.4,-105.8 26.6,-108.1 27.0,-109.0 29.5,-112.6 41.4,-125.8
5 23.0,-88.3 23.3,-96.5
5> -212.3,48.3 -224.6,61.2
5> -76.0,-88.0 -94.1,-69.7
