# OpenStreetMap contributors, ODbL; local Unity x,z metres; P parking, T track (height 0 surface, -5 tunnel), E subway entrance, R rail platform, S bus stop, N station, A apron stand, G gate, J jet bridge, X terminal
S|357850244|홍대입구역|-39.04,34.20
S|357920006|홍대입구역|-12.36,48.46
S|357943262|서서울농협홍대역점|257.75,152.83
S|3034284936|홍대입구역|-108.52,-31.96
E|3404932004|3|홍대입구역 3번출구|-150.23,-146.06
E|3404932005|4|홍대입구역 4번출구|-208.20,-98.12
E|3404932009|2|홍대입구역 2번출구|-25.41,4.92
E|3404932010|8|홍대입구역 8번출구|-46.18,34.65
E|3404932011|9|홍대입구역 9번출구|59.85,129.16
E|3404932012|1|홍대입구역 1번출구|81.37,102.77
S|11667208076|홍대입구역|-19.42,-8.32
S|11667208077|홍대입구역|-15.30,-23.77
S|11667208087|동교로사거리|211.36,190.87
S|11667208088|동교로사거리|218.00,173.28
S|12573687134|R2(홍대걷고싶은거리)|-84.68,54.16
S|12573687135|경의선숲길공원(홍대입구역3번출구)|-158.24,-142.42
N|13055976391|홍대입구|13.47,63.89
S|13132951304|홍대입구역1번출구|17.30,53.96
T|321173435|-5|2호선|-4444.52,-655.82;-4412.76,-643.02;-4337.57,-618.94;-3925.99,-498.89;-3865.16,-479.96;-3815.64,-454.91;-3535.75,-240.38;-3324.02,-78.84;-3289.22,-56.80;-3200.93,-22.00;-3191.49,-20.37;-3146.25,-12.56;-3089.21,-11.47;-2871.11,-27.69;-2258.81,21.62;-1962.78,45.46;-1620.01,66.88;-1570.71,73.32;-1534.30,83.99;-1221.08,212.50;-1174.51,225.01;-1135.27,214.89;-1049.66,175.74;-786.61,55.43;-325.37,-155.53;-305.97,-162.69;-288.28,-167.99;-274.51,-169.64;-258.64,-168.95;-241.35,-165.82;-227.25,-160.69;-213.67,-152.73;-200.99,-142.59;-187.92,-129.99;-144.42,-89.01;11.96,58.30;790.90,792.81;859.82,859.27;890.42,887.90;896.84,895.19;912.17,915.96;948.08,978.25
T|408518378|-5|용산선|759.26,-1260.93;709.91,-1233.29;658.77,-1204.65;480.57,-1110.90;446.68,-1092.36;420.27,-1073.22;395.56,-1050.82;373.78,-1025.96;356.00,-1001.60;209.09,-767.68;-14.84,-413.52;-121.72,-243.21;-172.98,-159.81;-205.51,-113.50;-233.43,-79.93;-252.58,-60.00;-278.20,-37.95;-314.49,-11.83;-348.33,8.73;-375.20,24.50;-540.17,121.35;-574.00,142.51;-575.14,143.30;-604.73,163.85;-632.73,185.74;-655.31,204.23;-680.04,226.26;-748.42,288.03;-786.16,322.14;-838.51,369.43;-883.71,410.26;-894.90,420.89;-1072.92,580.71;-1180.76,677.86;-1199.53,698.32;-1228.65,728.66;-1250.06,761.36;-1292.04,836.43;-1370.87,960.22;-1390.62,989.87;-1412.65,1017.67;-1441.33,1049.67;-1472.56,1079.78;-1483.16,1089.29;-1492.58,1096.93;-1504.88,1106.10;-1516.69,1114.62;-1533.17,1125.31;-1560.67,1141.29;-1580.56,1151.28;-1623.93,1171.89;-1648.22,1182.12;-1742.46,1215.57;-1818.64,1242.69;-1842.55,1252.75;-1867.87,1263.52;-1895.45,1276.31;-1921.61,1289.80;-1946.74,1302.88;-1969.99,1316.44;-2331.89,1522.17;-2627.52,1694.69;-2686.45,1729.09;-2732.23,1755.66;-2773.53,1780.95;-2812.06,1808.65;-2886.68,1865.61;-2915.20,1886.02;-2935.49,1899.07;-2965.45,1915.29;-3002.24,1932.97;-3053.39,1952.24;-3218.30,2001.60;-3525.10,2097.24;-3560.03,2108.12
P|608080685|주차장|-262.45,-119.36;-267.82,-91.96;-291.82,-100.20;-303.77,-102.26;-314.69,-100.81;-332.41,-93.71;-336.23,-101.43;-312.01,-111.94;-314.59,-118.33;-307.69,-121.32;-293.57,-120.18;-295.22,-105.14;-270.80,-102.88;-268.22,-120.08;-262.45,-119.36
P|608080686|주차장|-241.98,-102.10;-261.48,-86.17;-266.59,-87.99;-264.13,-103.55;-248.88,-100.24;-248.06,-104.37;-241.98,-102.10
T|628689299|-5|2호선|944.16,979.45;908.07,919.15;892.98,898.07;886.88,891.68;855.99,863.87;787.00,796.72;7.55,63.89;-75.13,-14.38;-192.05,-125.07;-206.44,-138.48;-217.57,-147.96;-230.11,-154.82;-243.36,-159.79;-258.99,-162.39;-274.61,-163.11;-287.16,-161.91;-304.44,-156.72;-323.37,-150.08;-1133.36,220.24;-1174.31,230.30;-1217.16,222.36;-1260.95,203.19;-1344.68,169.16;-1535.86,89.00;-1571.73,78.34;-1620.26,72.29;-1962.70,51.17;-2870.98,-22.51;-2875.92,-22.14;-3089.45,-6.06;-3146.50,-7.00;-3192.79,-14.85;-3201.65,-16.35;-3292.55,-52.09;-3327.81,-74.57;-3538.58,-236.58;-3817.78,-451.16;-3866.78,-475.77;-3928.09,-493.99;-4338.83,-615.44;-4414.20,-639.27;-4444.96,-650.35;-4518.89,-680.98;-4649.08,-743.93
P|690863403|주차장|-187.91,-182.33;-179.64,-165.73;-177.39,-169.76;-182.20,-173.40;-172.98,-185.67;-174.63,-188.91;-187.91,-182.33
P|690863429|주차장|-168.77,-210.72;-161.98,-197.05;-158.90,-202.45;-155.80,-207.81;-159.60,-215.35;-168.77,-210.72
T|717931776|-5|인천국제공항선|2135.47,-2153.21;2068.47,-2097.06;1862.57,-1916.31;1774.81,-1848.49;1656.52,-1761.42;1515.45,-1657.97;1460.92,-1618.15;1422.06,-1589.35;1377.49,-1558.68;1328.42,-1524.61;1292.01,-1500.03;1238.01,-1470.44;1158.00,-1426.86;1102.04,-1399.06;1056.65,-1375.92;1015.48,-1356.19;974.23,-1335.74;925.26,-1312.15;881.94,-1291.35;853.68,-1277.99;782.37,-1237.81;683.09,-1181.67;658.15,-1168.67;605.50,-1141.41;562.45,-1119.88;522.98,-1099.43;502.49,-1087.67;494.99,-1083.38;457.51,-1062.85;432.51,-1048.37;399.59,-1026.41;374.36,-1003.38;336.87,-945.54;292.20,-875.41;249.78,-810.12;219.91,-761.96;190.40,-715.87;163.76,-674.24;143.23,-641.87;115.23,-596.22;95.06,-565.46;63.75,-516.49;28.68,-461.42;6.08,-424.37;-20.11,-384.55;-49.44,-337.92;-88.99,-274.87;-118.86,-228.23;-157.88,-167.87;-171.06,-147.42;-195.81,-111.45;-213.95,-88.61;-216.54,-85.35;-247.93,-52.16;-251.37,-49.15;-279.68,-24.36;-308.11,-1.22;-328.65,14.29;-346.77,26.85;-379.50,46.77;-397.18,56.36;-435.48,74.31;-468.12,91.62;-495.48,106.50;-523.20,122.02;-546.69,136.72;-573.78,154.94;-604.72,175.38;-648.18,211.36;-693.47,249.78;-743.60,294.29;-793.11,338.71;-866.81,404.54;-936.47,467.94;-988.94,515.27;-1042.81,564.62;-1091.07,608.82;-1159.31,671.28;-1206.63,717.82;-1224.75,739.38;-1255.04,787.01;-1277.37,826.84;-1308.13,875.49;-1326.21,902.86;-1343.98,930.78;-1357.41,950.14;-1379.46,984.97;-1405.66,1017.53;-1432.11,1047.58;-1463.60,1078.17;-1498.40,1108.94;-1512.03,1118.81;-1540.64,1137.38;-1563.60,1149.39;-1597.78,1166.89;-1625.40,1179.18;-1646.84,1188.69;-1686.39,1203.21;-1730.44,1217.93;-1775.28,1233.36;-1811.61,1246.64;-1845.69,1260.45;-1884.79,1277.85;-1917.81,1293.91;-1956.10,1314.81;-1993.95,1336.98;-2028.75,1357.42;-2069.38,1380.57;-2161.32,1433.13;-2302.31,1513.16;-2355.76,1544.56;-2394.07,1567.07;-2506.10,1632.21;-2528.68,1645.74;-2633.37,1708.46;-2723.15,1760.40;-2772.48,1792.06;-2819.85,1829.12;-2913.34,1901.27;-2964.46,1927.38;-3049.29,1964.91;-3133.04,1988.84;-3373.67,2063.91;-3456.21,2090.91;-3508.19,2103.45;-3607.91,2114.22;-3661.66,2117.87;-3699.13,2116.75;-3735.48,2109.31;-3767.00,2098.05;-3819.57,2065.40;-3855.94,2039.55;-3904.74,1998.67;-4005.03,1886.71;-4099.55,1784.44;-4138.74,1738.32;-4151.28,1714.45;-4157.98,1695.11;-4165.60,1656.94;-4173.47,1608.66;-4176.65,1569.03;-4173.95,1510.42;-4168.85,1467.84;-4165.77,1436.12;-4150.44,1361.73;-4131.87,1249.98;-4115.28,1131.41;-4103.28,1021.55;-4091.07,839.48;-4082.41,658.21;-4079.97,600.34;-4079.04,590.17
T|717933090|-5|인천국제공항선|-4082.27,572.37;-4085.08,621.07;-4086.58,654.86;-4090.55,751.60;-4095.85,828.05;-4112.30,1062.97;-4118.86,1132.88;-4128.39,1205.27;-4135.58,1247.60;-4146.48,1308.52;-4155.38,1351.61;-4167.44,1405.48;-4172.15,1429.03;-4175.31,1450.41;-4180.29,1514.48;-4181.30,1568.86;-4180.10,1607.82;-4176.01,1642.53;-4170.98,1670.10;-4163.57,1698.92;-4159.64,1712.56;-4150.24,1737.78;-4134.96,1756.23;-4101.67,1791.50;-4005.61,1902.69;-3906.93,2006.32;-3861.63,2044.04;-3843.51,2056.99;-3813.85,2078.48;-3769.76,2103.37;-3743.08,2114.43;-3709.67,2121.58;-3688.71,2124.41;-3664.13,2125.07;-3640.17,2123.35;-3587.99,2120.19;-3548.59,2115.40;-3509.20,2108.08;-3455.24,2095.74;-3305.33,2049.27;-3253.79,2032.56;-3203.90,2017.02;-3131.75,1997.96;-3052.26,1971.17;-3007.13,1950.70;-2950.75,1925.56;-2911.56,1905.88;-2872.13,1874.56;-2770.62,1794.75;-2724.01,1764.52;-2632.26,1711.26;-2526.58,1648.81;-2499.05,1632.53;-2409.65,1580.52;-2298.92,1515.93;-2220.69,1470.72;-2109.03,1407.53;-1989.80,1337.72;-1942.17,1310.15;-1897.27,1287.58;-1839.11,1260.80;-1797.33,1244.00;-1738.77,1223.70;-1671.77,1201.44;-1634.06,1185.67;-1598.22,1169.97;-1572.22,1156.85;-1547.15,1143.74;-1518.81,1125.69;-1496.01,1109.99;-1479.93,1096.34;-1445.41,1063.30;-1417.30,1036.59;-1379.75,990.20;-1354.22,951.16;-1324.47,904.85;-1298.81,865.41;-1274.06,828.79;-1236.50,764.76;-1221.20,741.96;-1193.72,709.93;-1166.55,682.21;-1141.95,660.35;-1098.61,620.36;-1050.04,575.47;-1003.04,532.68;-955.02,488.25;-913.72,450.77;-852.66,394.77;-813.15,359.72;-780.50,330.74;-778.17,328.56;-750.60,304.35;-713.59,271.01;-632.64,203.45;-600.56,178.92;-529.86,131.35;-441.50,81.59;-383.31,52.49;-325.40,17.14;-283.45,-15.99;-258.33,-38.58;-249.65,-47.26;-226.94,-69.98;-207.92,-90.79;-193.22,-110.34;-171.75,-141.87;-99.55,-250.86;-28.66,-362.70;80.58,-534.29;184.85,-698.68;268.40,-829.08;299.05,-874.29;357.40,-969.20;378.67,-1001.64;397.89,-1020.63;433.29,-1045.06;445.69,-1051.67;474.33,-1068.83;523.80,-1095.93;566.14,-1117.27;656.44,-1163.78;703.70,-1189.90;856.26,-1275.69;1037.57,-1362.20;1143.50,-1415.09;1163.97,-1426.10;1294.03,-1496.39;1394.63,-1565.25;1440.79,-1597.68;1465.44,-1615.75;1516.04,-1651.78;1651.12,-1751.03;1775.14,-1841.57;1889.65,-1929.92;2070.19,-2095.11;2137.01,-2150.87
T|847193802|-5|용산선|-3519.47,2101.27;-3402.83,2066.72;-3344.62,2047.91;-3304.40,2034.91;-3234.52,2012.33;-3122.78,1978.06;-3052.63,1957.40;-3039.03,1952.50;-3003.96,1939.44;-2977.58,1926.94;-2944.95,1910.07;-2921.57,1897.56;-2900.09,1882.88;-2884.59,1872.00;-2807.10,1812.71;-2774.74,1788.23;-2762.24,1780.62;-2723.90,1756.69;-2639.34,1706.91;-2475.74,1610.30;-2424.25,1580.39;-2298.64,1507.42;-2063.00,1373.15;-1947.17,1307.09;-1901.74,1282.87;-1865.97,1266.10;-1831.77,1251.50;-1807.23,1241.81;-1646.88,1185.32;-1620.23,1173.55;-1591.66,1160.02;-1561.61,1145.54;-1541.16,1134.80;-1512.58,1116.17;-1494.89,1102.29;-1478.57,1088.25;-1455.45,1067.83;-1433.90,1046.27;-1415.33,1025.25;-1400.73,1007.92;-1385.24,988.37;-1367.26,960.74;-1329.92,902.83;-1285.02,834.00;-1254.05,778.69;-1236.37,751.02;-1226.57,734.07;-1193.55,697.88;-1178.98,683.89;-1166.74,672.21;-1060.98,577.03;-941.61,468.53;-869.16,403.02;-846.72,382.34;-786.63,328.51;-748.02,293.97;-714.57,262.97;-667.54,221.64;-632.19,191.46;-606.36,171.07;-579.17,151.76;-556.34,136.27;-433.16,64.21;-343.44,12.28;-321.21,-2.24;-287.84,-23.77;-271.69,-36.68;-252.32,-52.47;-232.59,-72.19;-213.93,-94.80;-195.22,-117.40;-176.68,-143.36;-81.89,-294.61;62.41,-522.49;218.48,-768.94;359.47,-995.30;379.57,-1023.64;397.51,-1043.74;420.11,-1065.62;440.55,-1081.76;449.88,-1087.50;476.07,-1102.57;514.82,-1123.37;676.27,-1208.03;733.47,-1240.19;762.15,-1256.31
