# [B]width[>] x,z[,y] ... car and bus lane centre lines in Unity metres; B bus only, > one way. OSM data (c) OpenStreetMap contributors, ODbL
5> -60.5,151.8 -79.9,166.8 -103.9,184.6 -135.1,206.7 -136.8,207.9 -165.4,228.2 -210.7,258.1 -222.2,265.6 -260.8,290.9
5 19.8,-132.6 -16.6,-134.2 -64.7,-89.3 -97.2,-67.3 -107.3,-61.5
5 26.8,174.9 61.2,137.0 67.9,128.7
5 0.2,197.3 -6.5,205.3 -2.1,226.8 -1.0,231.9 -0.0,236.7 3.2,260.2 3.9,274.3 3.9,305.3 3.6,308.5
5 -103.9,184.6 -58.1,242.3 -48.1,258.8
5 -165.4,228.2 -199.1,178.2 -214.2,155.6 -215.6,153.5
5 -199.1,178.2 -157.0,145.1 -155.9,144.2 -129.2,122.9 -128.4,119.7 -128.8,117.0
5 -79.9,166.8 -35.5,227.7 -34.2,232.6 -32.5,249.7 -48.1,258.8
5> -210.7,258.1 -248.4,202.9 -250.6,199.7 -265.5,177.9 -267.8,174.8 -271.3,169.4 -277.6,160.1 -295.1,134.5
5> 274.5,31.4 251.4,3.6 248.6,0.2 229.7,-23.4 228.7,-24.7 217.4,-38.8 186.6,-77.1 169.4,-97.8 92.0,-192.8
5> 274.5,31.4 205.2,107.0
5> 105.7,-11.8 127.0,-27.4 186.6,-77.1 199.2,-91.4 211.9,-106.2 220.3,-116.1 231.7,-129.4 267.6,-172.0 303.0,-219.2
5> 188.1,-293.0 163.8,-261.3 133.7,-231.8 113.7,-212.9 92.0,-192.8 68.2,-169.4 54.3,-156.9 46.2,-148.6 19.8,-132.6
5 163.7,44.4 228.7,-24.7
5 285.4,-156.8 267.6,-172.0 246.0,-190.6 212.0,-220.0 207.7,-223.6 186.1,-242.2 163.8,-261.3 128.2,-291.7
5 49.6,-89.3 -3.7,-31.1 -29.2,-4.4 -38.1,5.1
5> -266.0,-251.4 -253.2,-232.9 -248.7,-223.2 -239.9,-200.5
5> -96.0,-302.1 -102.2,-291.8 -103.5,-289.7 -125.4,-253.4 -131.8,-243.2 -132.4,-242.3 -133.2,-241.1 -147.1,-216.3 -148.6,-213.7 -156.8,-199.3 -160.0,-193.3 -161.3,-191.0 -175.4,-167.0 -179.0,-160.7 -186.1,-147.8 -190.0,-141.1
8 176.8,230.5 188.7,218.2
5> -174.6,-126.3 -169.2,-133.6 -153.0,-156.8 -151.8,-158.5 -148.8,-162.8 -145.8,-167.0 -138.1,-181.3 -126.7,-194.9 -110.6,-222.4 -101.7,-237.2 -98.8,-242.0 -80.1,-269.8 -64.4,-290.0 -54.8,-304.9
5 -16.6,-134.2 -70.8,-185.2 -87.7,-201.1 -91.5,-204.7 -110.6,-222.4
5 -118.5,-72.3 -110.6,-74.5 -110.8,-78.2 -111.0,-143.0 -110.9,-150.2 -107.4,-154.9
5 -138.1,-181.3 -113.7,-164.9 -107.4,-154.9 -64.7,-89.3
5 -6.3,-215.3 -23.4,-218.2 -30.0,-223.7 -49.2,-241.5 -59.5,-251.1 -80.1,-269.8
5 -179.0,-160.7 -184.0,-170.3 -225.1,-252.5 -225.5,-272.6
5> -3.7,-31.1 -64.7,-89.3
5> 223.1,181.0 217.9,175.9 148.4,110.8 114.2,78.9 -3.7,-31.1
5> 299.4,252.5 267.3,221.9 234.4,190.9 223.1,181.0
5> 26.8,174.9 96.2,237.9 132.1,271.6 135.6,274.8
5 220.3,-116.1 241.7,-97.6 279.1,-65.0
5> 92.0,-192.8 72.7,-217.5 56.0,-238.0 24.6,-277.8
5 -228.0,82.9 -222.0,88.6 -213.1,94.7 -197.7,100.3 -181.4,102.5 -157.0,105.2 -148.3,105.6 -137.5,105.6
5> -242.2,97.1 -248.8,91.8 -263.9,82.3 -284.0,75.5
5 -233.5,85.6 -238.3,93.5 -242.2,97.1 -249.3,103.6 -295.1,134.5
5> -235.6,70.0 -233.1,69.9 -231.6,70.2 -229.3,71.4 -227.5,73.2 -226.4,75.6 -226.1,78.1 -226.7,80.7 -228.0,82.9 -229.6,84.3 -231.5,85.2 -233.5,85.6 -235.7,85.5 -237.7,84.8 -239.5,83.5 -241.0,81.6 -241.8,79.2 -241.9,76.8 -241.2,74.4 -239.8,72.4 -237.9,70.8 -235.6,70.0
5 153.2,29.4 217.4,-38.8
B3.5> -227.9,-163.7 -220.8,-160.2 -212.5,-154.0 -194.3,-136.6 -186.8,-129.3 -179.0,-121.8 -149.5,-93.4 -122.9,-67.8 -111.7,-57.0
16> -225.2,-169.3 -217.5,-165.5 -208.5,-158.8 -190.0,-141.1 -182.5,-133.9 -174.6,-126.3 -145.2,-98.0 -118.5,-72.3 -107.3,-61.5
B3.5> 181.1,225.9 169.7,215.3 78.3,129.5 72.1,124.1 -11.2,45.5 -31.3,26.6 -42.4,16.1 -45.9,12.9 -52.2,6.9 -106.0,-43.6 -122.5,-59.1 -176.0,-109.3 -191.1,-123.5 -216.3,-147.8 -224.6,-153.9 -230.0,-157.2
16> 176.8,230.5 165.4,219.8 74.1,134.1 67.9,128.7 -15.4,50.0 -35.5,31.1 -46.7,20.7 -50.2,17.4 -56.5,11.5 -110.3,-39.0 -126.8,-54.6 -180.3,-104.7 -195.4,-118.9 -220.3,-143.0 -228.0,-148.7 -233.2,-151.8
5 199.2,-91.4 221.1,-72.0 241.7,-97.6
5 212.0,-220.0 174.4,-177.4 185.8,-167.6 231.7,-129.4
5 185.8,-167.6 173.6,-153.1 211.9,-106.2
5 113.7,-212.9 157.3,-170.8
5 133.7,-231.8 170.9,-198.3
5 222.9,-163.2 246.0,-190.6
5 229.7,-23.4 254.5,-50.4
5 248.6,0.2 271.2,-24.2
5 139.6,17.3 179.9,-25.8
5 46.2,-148.6 114.1,-51.7 121.3,-41.6 127.0,-27.4
5 2.0,-189.1 15.1,-186.2 30.8,-174.5
5 2.0,-189.1 7.9,-194.2 28.1,-211.7 56.0,-238.0
5 28.1,-211.7 68.2,-169.4
5 -161.3,-191.0 -203.6,-276.0
5 -147.1,-216.3 -162.3,-246.2
5> -131.0,117.8 -133.3,118.0 -135.5,117.3 -137.4,116.0 -138.8,114.2 -139.6,112.0 -139.6,109.7 -138.9,107.5 -137.5,105.6 -135.5,104.3 -133.1,103.6 -130.7,103.8 -128.5,104.8 -126.7,106.5 -126.0,107.9 -125.6,108.7 -125.3,111.1 -125.8,113.5 -127.0,115.5 -128.8,117.0 -131.0,117.8
5 -157.0,105.2 -173.7,123.9
5 -215.6,153.5 -197.5,141.3
5 -232.9,128.0 -241.8,134.4
5 -277.6,160.1 -264.6,151.5
5 -271.3,169.4 -259.0,161.2
5 -265.5,177.9 -253.7,169.6
5 -250.6,199.7 -235.7,190.5
5 -213.1,94.7 -213.9,98.5 -210.1,109.6 -206.2,114.7
5 -215.6,153.5 -232.9,128.0 -249.3,103.6
5 -214.2,155.6 -227.2,165.8
5 -155.9,144.2 -143.0,161.1
5 -135.1,206.7 -141.4,197.5
5 -248.4,202.9 -296.1,235.9
5 -213.8,20.8 -230.6,15.5 -254.5,6.7 -279.3,-1.2
5 -230.6,15.5 -239.1,37.1
5 -254.5,6.7 -259.4,19.0
5 -70.8,-185.2 -52.0,-206.1
5 -30.0,-223.7 -41.5,-211.0
5 -87.7,-201.1 -96.0,-191.2
5> -307.3,42.3 -295.9,47.2 -272.3,55.7 -243.9,70.8 -239.8,72.4
5 26.8,174.9 -88.1,63.3
5 -88.1,63.3 -192.5,-24.2
5 -213.8,20.8 -88.1,63.3
5 -213.8,20.8 -214.7,-23.4
5 -126.8,-54.6 -137.8,-49.7 -192.5,-24.2 -214.7,-23.4 -246.6,-19.7 -270.2,-1.6
5> -233.2,-151.8 -258.8,-167.1 -265.8,-171.8 -268.5,-176.7
8 -18.9,-303.8 -16.5,-287.3 -6.3,-215.3 2.0,-189.1 19.8,-132.6
5 -303.5,-59.6 -268.7,-86.4 -258.4,-94.1
5 -126.0,107.9 -109.8,110.0 -99.4,114.7 -88.9,121.3 -78.6,129.2 -71.1,137.3 -60.5,151.8 0.2,197.3 19.1,218.5 25.9,226.1 33.6,234.8 48.1,254.7 54.3,265.3 74.9,299.8
5 -46.7,20.7 -56.5,29.9 -88.1,63.3 -125.9,98.5 -130.7,103.8
8 49.6,-89.3 98.6,-17.8 105.7,-11.8 139.6,17.3 153.2,29.4 156.8,32.6 159.1,35.0 163.7,44.4 174.2,66.9 180.4,79.9 189.7,99.4 192.2,101.8 205.2,107.0 248.8,124.4 269.2,132.5
8 19.8,-132.6 49.6,-89.3
B3.5> -42.4,9.7 -20.0,31.1 74.6,121.7 172.6,212.8 184.6,222.9
16> -38.1,5.1 -15.7,26.6 78.9,117.1 176.8,208.1 188.7,218.2
B3.5> 184.4,222.7 212.1,248.8
16> 188.7,218.2 216.4,244.2
8 188.7,218.2 198.5,207.8 223.1,181.0 246.3,156.6 257.7,144.6 269.2,132.5
B3.5> -111.7,-57.0 -48.8,3.5 -42.4,9.6
16> -107.3,-61.5 -44.5,-1.0 -38.1,5.1
B3.5> -231.8,-157.9 -244.1,-160.9 -253.3,-162.6 -259.7,-163.1 -270.8,-164.1 -271.8,-164.2 -285.3,-164.5
16> -233.2,-151.8 -245.4,-154.7 -254.1,-156.4 -260.2,-156.9 -271.4,-157.9 -272.2,-158.0 -285.5,-158.3
5> -239.9,-200.5 -236.2,-190.7 -225.2,-169.3
5> -151.8,-158.5 -144.2,-151.5
5> -127.0,-147.6 -131.9,-147.7 -148.8,-162.8
5 78.9,117.1 89.3,106.2 114.2,78.9
5 -180.3,-104.7 -186.5,-98.5 -215.4,-69.8 -284.8,-5.1
5 -156.8,-199.3 -158.9,-202.4
5 -184.0,-170.3 -180.1,-176.4
5 251.4,3.6 232.1,24.0
5 -231.6,70.2 -229.2,59.4 -213.8,20.8
5 114.1,-51.7 169.4,-97.8
5 198.0,40.8 174.2,66.9
5 114.2,78.9 156.8,32.6
5 0.2,197.3 26.8,174.9
5 30.8,-174.5 54.3,-156.9
B3.5> -287.4,-171.6 -269.3,-170.5 -258.8,-168.6 -249.5,-167.7 -236.4,-166.9 -227.4,-163.4
16> -287.0,-177.9 -268.5,-176.7 -257.9,-174.8 -248.9,-173.9 -235.1,-173.0 -225.2,-169.3
B4> -145.2,-98.0 -124.5,-62.3 -66.4,-4.4 -55.8,3.2 -15.7,26.6
B4> 74.1,134.1 51.0,100.1 -6.9,45.7 -50.2,17.4
5> -268.5,-176.7 -269.7,-181.8 -270.6,-187.8 -270.6,-192.2 -270.5,-193.0 -269.1,-197.9 -267.2,-201.7 -265.2,-203.9 -262.6,-205.7 -259.7,-207.1 -256.7,-208.1 -253.8,-208.3 -251.0,-208.1 -248.6,-207.4 -246.5,-206.4 -243.2,-204.3 -239.9,-200.5
