# 0 x,z[,y] ... pedestrian network: sidewalks, zebra crossings, footways. OSM data (c) OpenStreetMap contributors, ODbL
0 -66.0,151.9 -78.4,161.5
0 -60.5,146.3 -68.6,135.2
0 -59.0,157.1 -5.3,197.3
0 -55.0,151.8 -1.3,192.0
0 -85.4,166.8 -102.3,179.4
0 -109.4,184.5 -133.4,201.4
0 -105.6,189.9 -129.6,206.8
0 -103.7,190.1 -60.8,244.2
0 -133.9,209.9 -134.9,210.6
0 -134.9,210.6 -159.9,228.3
0 -170.8,227.9 -208.9,252.9
0 -167.2,233.4 -205.3,258.4
0 -165.1,222.7 -193.9,180.0
0 -170.6,226.4 -199.3,183.7
0 -216.2,257.8 -224.1,262.9
0 -212.6,263.3 -220.4,268.4
0 -210.5,252.6 -243.2,204.7
0 -224.1,262.9 -262.6,288.2
0 -220.4,268.4 -258.9,293.6
0 14.0,-136.1 -12.0,-137.3
0 13.7,-129.5 -12.3,-130.7
0 26.5,-132.8 44.2,-143.5
0 23.1,-138.4 40.8,-149.2
0 23.0,-139.8 8.7,-185.0
0 13.0,-136.6 -1.3,-181.9
0 18.8,-124.7 42.0,-91.2
0 27.5,-130.7 50.6,-97.1
0 -22.1,-133.6 -63.7,-94.7
0 -17.5,-128.7 -59.2,-89.8
0 -17.5,-139.6 -65.4,-184.6
0 -70.2,-89.5 -99.0,-70.1
0 -66.5,-84.1 -95.5,-64.5
0 -63.8,-83.8 -9.1,-31.7
0 -59.2,-88.6 -4.6,-36.5
0 -105.6,-73.4 -106.7,-74.5
0 -93.5,-61.7 -37.7,-8.0
0 32.2,173.9 63.7,139.1
0 27.4,169.4 58.7,134.9
0 27.9,180.3 94.0,240.4
0 32.3,175.4 98.4,235.5
0 26.0,169.5 -82.6,64.0
0 21.4,174.2 -87.2,68.7
0 21.4,175.2 1.5,192.0
0 25.6,180.3 5.7,197.0
0 64.3,138.5 67.6,141.3
0 54.0,129.0 -22.1,57.1
0 -5.1,198.6 -10.1,204.4
0 -0.1,202.8 -2.9,206.2
0 0.7,202.8 16.7,220.7
0 -10.1,204.4 -5.3,227.5
0 -5.3,227.5 -4.2,232.6
0 1.2,226.2 2.2,231.3
0 -4.2,232.6 -3.3,237.2
0 2.2,231.3 3.2,236.1
0 -3.3,237.2 -0.1,260.5
0 3.2,236.1 6.5,259.9
0 -0.1,260.5 0.6,274.4
0 6.5,259.9 7.2,274.3
0 0.6,274.4 0.6,305.1
0 7.2,274.3 7.2,305.5
0 -60.8,244.2 -53.2,256.7
0 -55.4,240.4 -47.6,253.3
0 -42.7,259.4 -29.0,251.5
0 -46.0,253.7 -36.0,247.9
0 -193.6,178.0 -155.0,147.7
0 -215.3,148.1 -227.7,129.7
0 -159.1,142.5 -158.5,142.0
0 -150.4,144.1 -126.2,124.8
0 -154.5,138.9 -132.1,121.1
0 -126.2,124.8 -125.1,119.9
0 -125.1,119.9 -125.4,117.8
0 -125.9,118.8 -124.5,117.7
0 -130.1,113.8 -129.6,113.3
0 -131.0,114.3 -131.7,114.6
0 -38.6,229.1 -37.5,233.2
0 -32.5,226.2 -31.0,232.0
0 -37.5,233.2 -36.0,247.9
0 -31.0,232.0 -29.0,251.5
0 -253.9,202.7 -298.0,233.2
0 -250.1,208.2 -294.2,238.7
0 -255.8,198.0 -265.7,183.4
0 -269.2,178.4 -270.5,176.6
0 -265.0,172.9 -267.0,170.0
0 -270.5,176.6 -272.5,173.6
0 -271.1,163.9 -272.4,161.9
0 -276.5,167.6 -277.9,165.6
0 -277.4,154.6 -289.9,136.3
0 -282.8,158.3 -295.4,140.0
0 -289.6,134.8 -251.1,108.8
0 -293.3,129.3 -254.8,103.3
0 274.2,25.9 256.7,4.8
0 269.1,30.1 251.6,9.0
0 269.1,32.4 206.8,100.4
0 273.9,36.8 211.7,104.8
0 245.9,4.5 229.7,21.7
0 250.8,9.0 234.5,26.2
0 248.4,-5.3 235.1,-22.0
0 243.2,-1.2 229.9,-17.9
0 228.6,-30.2 222.7,-37.4
0 223.4,-26.0 217.6,-33.3
0 217.2,-44.3 191.9,-75.7
0 212.0,-40.2 186.8,-71.6
0 212.0,-37.9 154.9,22.9
0 216.8,-33.3 159.7,27.4
0 186.3,-82.6 174.8,-96.5
0 181.2,-78.4 169.7,-92.3
0 181.1,-76.8 128.3,-32.8
0 185.3,-71.7 132.5,-27.7
0 192.0,-78.2 198.8,-85.9
0 187.0,-82.6 193.9,-90.3
0 169.2,-103.3 97.3,-191.5
0 164.1,-99.2 92.2,-187.3
0 168.2,-92.5 119.6,-52.0
0 97.5,-193.4 112.7,-207.5
0 93.0,-198.2 108.2,-212.4
0 86.5,-192.1 69.0,-174.8
0 91.2,-187.4 73.6,-170.1
0 91.9,-198.3 75.3,-219.5
0 86.7,-194.2 70.1,-215.4
0 201.7,99.9 195.1,97.3
0 197.8,109.6 189.3,106.3
0 208.8,114.0 246.9,129.2
0 212.7,104.3 250.8,119.5
0 112.5,-12.6 125.4,-22.2
0 108.5,-17.9 121.5,-27.5
0 105.9,-18.5 102.6,-21.3
0 99.2,-10.5 94.7,-14.2
0 106.8,-3.9 131.7,17.5
0 113.6,-11.9 138.6,9.5
0 128.5,-32.7 124.2,-43.2
0 122.3,-30.3 118.4,-40.0
0 204.6,-92.6 211.5,-100.7
0 199.6,-96.9 206.5,-105.0
0 200.3,-86.0 221.5,-67.3
0 217.2,-107.4 220.0,-110.6
0 212.2,-111.7 215.0,-114.9
0 211.6,-111.7 177.9,-153.1
0 206.5,-107.5 169.4,-153.1
0 225.7,-117.3 231.3,-123.9
0 220.7,-121.6 226.3,-128.2
0 221.5,-110.7 236.3,-98.0
0 225.8,-115.7 240.6,-103.0
0 237.0,-130.6 267.3,-166.6
0 232.0,-134.9 262.2,-170.8
0 226.2,-129.7 187.0,-162.3
0 272.9,-173.6 305.7,-217.3
0 267.6,-177.5 300.4,-221.2
0 268.8,-166.7 283.2,-154.3
0 273.1,-171.7 287.5,-159.3
0 266.4,-177.4 251.5,-190.3
0 262.1,-172.4 247.2,-185.3
0 185.4,-295.0 163.9,-266.8
0 190.7,-291.0 169.1,-262.8
0 158.4,-260.6 134.5,-237.2
0 163.0,-255.9 139.1,-232.5
0 165.0,-256.0 184.0,-239.7
0 169.3,-261.0 188.3,-244.7
0 162.6,-266.7 130.3,-294.3
0 158.3,-261.7 126.0,-289.2
0 128.2,-231.2 114.6,-218.4
0 132.7,-226.4 119.2,-213.6
0 139.1,-231.3 173.1,-200.7
0 114.6,-207.5 155.0,-168.5
0 119.2,-212.3 159.6,-173.2
0 62.7,-168.9 55.3,-162.3
0 67.1,-164.0 59.8,-157.4
0 48.8,-156.0 46.9,-154.1
0 53.6,-151.4 51.7,-149.5
0 52.7,-162.2 32.8,-177.1
0 48.8,-156.9 28.8,-171.8
0 46.1,-143.1 108.9,-53.5
0 166.3,37.9 163.5,32.0
0 156.9,42.5 154.7,38.0
0 161.4,52.0 166.9,63.8
0 170.9,47.5 176.4,59.4
0 244.9,-196.0 217.4,-219.6
0 240.5,-191.0 213.1,-214.6
0 245.7,-185.1 225.5,-161.0
0 212.2,-224.1 209.9,-226.1
0 207.9,-219.1 205.6,-221.0
0 211.5,-214.5 179.1,-177.7
0 209.9,-226.1 188.3,-244.7
0 205.6,-221.0 184.0,-239.7
0 43.2,-87.2 -3.1,-36.5
0 48.1,-82.7 1.7,-32.1
0 48.7,-81.5 94.7,-14.2
0 57.3,-87.4 102.6,-21.3
0 -9.1,-30.2 -31.6,-6.6
0 -4.3,-25.6 -26.8,-2.1
0 -2.7,-25.7 108.8,78.3
0 1.8,-30.5 113.3,73.5
0 -24.2,4.9 -8.9,19.5
0 -34.2,-4.6 -37.7,-8.0
0 -268.7,-249.6 -256.1,-231.2
0 -263.3,-253.3 -250.3,-234.5
0 -256.1,-231.2 -251.8,-221.9
0 -250.3,-234.5 -245.7,-224.5
0 -245.7,-224.5 -238.5,-205.8
0 -241.5,-195.2 -239.3,-189.4
0 -235.3,-197.6 -233.2,-192.1
0 -243.9,-200.1 -245.3,-201.8
0 -98.8,-303.8 -105.0,-293.5
0 -93.2,-300.4 -99.4,-290.1
0 -105.0,-293.5 -106.3,-291.5
0 -99.4,-290.1 -100.7,-288.0
0 -106.3,-291.5 -128.2,-255.1
0 -100.7,-288.0 -122.6,-251.7
0 -128.2,-255.1 -134.6,-245.0
0 -122.6,-251.7 -129.1,-241.4
0 -134.6,-245.0 -135.2,-244.1
0 -129.1,-241.4 -129.7,-240.5
0 -135.2,-244.1 -136.0,-242.8
0 -129.7,-240.5 -130.3,-239.4
0 -130.3,-239.4 -142.1,-218.5
0 -150.6,-216.8 -151.5,-215.4
0 -144.9,-213.5 -145.7,-212.1
0 -152.1,-218.7 -165.3,-244.7
0 -151.5,-215.4 -157.5,-204.8
0 -145.7,-212.1 -151.8,-201.5
0 -155.4,-195.1 -157.1,-191.7
0 -160.5,-198.9 -161.6,-200.6
0 -157.1,-191.7 -157.9,-190.4
0 -166.4,-188.9 -178.3,-168.7
0 -160.7,-185.6 -172.6,-165.4
0 -172.6,-165.4 -174.5,-161.9
0 -184.0,-158.4 -188.9,-149.5
0 -178.2,-155.3 -183.2,-146.2
0 -203.9,-140.9 -214.8,-151.3
0 -193.4,-130.8 -189.2,-126.8
0 -179.8,-144.9 -175.7,-140.9
0 173.9,241.1 158.8,226.9
0 189.6,206.2 183.3,200.8
0 189.2,232.0 209.7,251.4
0 202.6,217.8 223.0,237.1
0 -171.4,-136.7 -175.7,-140.9
0 -184.9,-122.7 -189.2,-126.8
0 -174.3,-112.4 -151.9,-90.9
0 -160.7,-126.5 -138.4,-105.0
0 -166.5,-131.6 -150.3,-154.9
0 -171.8,-135.5 -155.7,-158.7
0 -155.7,-158.7 -155.0,-159.6
0 -153.1,-162.4 -152.8,-162.8
0 -150.8,-153.1 -146.4,-149.0
0 -144.7,-162.8 -143.0,-165.2
0 -150.1,-166.6 -148.6,-168.7
0 -143.3,-162.3 -130.6,-151.0
0 -143.0,-165.2 -137.3,-175.8
0 -148.6,-168.7 -143.1,-179.0
0 -137.8,-186.8 -129.4,-196.8
0 -136.3,-176.1 -116.1,-162.5
0 -132.6,-181.6 -111.3,-167.2
0 -129.4,-196.8 -115.7,-220.3
0 -105.5,-224.4 -98.9,-235.5
0 -111.2,-227.9 -104.5,-238.9
0 -105.2,-221.8 -89.3,-207.1
0 -98.9,-235.5 -96.0,-240.3
0 -104.5,-238.9 -101.6,-243.8
0 -96.0,-240.3 -79.8,-264.3
0 -101.6,-243.8 -85.3,-268.0
0 -74.8,-271.2 -61.7,-288.1
0 -80.0,-275.3 -67.1,-291.9
0 -79.1,-264.4 -61.8,-248.7
0 -74.6,-269.3 -57.3,-253.5
0 -61.7,-288.1 -52.0,-303.1
0 -67.1,-291.9 -57.6,-306.7
0 -71.8,-190.7 -82.3,-200.5
0 -76.3,-185.9 -86.8,-195.7
0 -91.7,-200.3 -93.8,-202.3
0 -118.9,-86.2 -138.4,-105.0
0 -132.4,-72.1 -151.9,-90.9
0 -107.2,-72.0 -107.5,-78.2
0 -114.1,-78.1 -114.3,-143.1
0 -107.7,-143.0 -107.6,-149.1
0 -114.3,-143.1 -114.2,-151.4
0 -114.2,-151.4 -111.6,-154.8
0 -106.9,-160.4 -111.3,-167.2
0 -112.5,-156.9 -116.1,-162.5
0 -11.5,-219.6 -22.0,-221.3
0 -12.6,-213.1 -24.8,-215.1
0 -1.9,-221.9 -11.3,-288.1
0 -12.3,-220.4 -21.7,-286.6
0 -9.5,-208.1 -4.8,-193.1
0 0.5,-211.3 5.2,-196.3
0 -22.0,-221.3 -25.0,-223.8
0 -24.8,-215.1 -29.2,-218.7
0 -31.0,-229.1 -47.0,-243.9
0 -47.0,-243.9 -57.3,-253.5
0 -51.5,-239.1 -61.8,-248.7
0 -183.0,-175.7 -221.8,-253.3
0 -179.5,-171.3 -177.3,-174.6
0 -221.8,-253.3 -222.2,-272.7
0 -228.4,-251.6 -228.8,-272.5
0 225.4,187.3 232.2,193.4
0 229.7,182.4 236.7,188.5
0 215.3,181.8 194.7,204.3
0 223.0,188.9 202.3,211.4
0 231.0,180.3 250.1,160.2
0 223.4,173.1 242.5,153.0
0 220.2,173.5 150.7,108.4
0 215.6,178.3 146.1,113.3
0 150.7,108.4 119.7,79.5
0 146.1,113.3 115.2,84.3
0 108.8,79.9 86.9,103.9
0 113.7,84.4 91.7,108.4
0 119.7,77.9 155.3,39.2
0 114.8,73.4 150.4,34.7
0 301.7,250.1 269.6,219.5
0 297.1,254.9 265.0,224.3
0 269.6,219.5 236.7,188.5
0 265.0,224.3 232.2,193.4
0 94.0,240.4 129.9,274.0
0 98.4,235.5 134.4,269.2
0 129.9,274.0 133.3,277.2
0 134.4,269.2 137.8,272.4
0 242.9,-92.2 277.0,-62.5
0 247.2,-97.2 281.3,-67.5
0 241.5,-92.1 221.5,-67.3
0 75.3,-219.5 61.3,-236.7
0 70.1,-215.4 56.2,-232.6
0 55.9,-243.5 27.2,-279.9
0 50.7,-239.5 22.0,-275.8
0 50.5,-237.4 29.0,-217.1
0 -227.6,87.8 -224.1,91.2
0 -223.0,83.1 -219.9,86.1
0 -230.2,80.2 -229.8,79.4
0 -230.9,81.1 -231.5,81.5
0 -224.1,91.2 -218.6,94.9
0 -219.9,86.1 -214.9,89.5
0 -207.8,93.1 -196.9,97.1
0 -216.7,95.7 -217.3,98.7
0 -196.9,97.1 -180.9,99.2
0 -181.8,105.8 -161.8,108.0
0 -180.9,99.2 -161.0,101.4
0 -153.3,108.7 -148.4,108.9
0 -152.9,102.1 -148.2,102.3
0 -148.4,108.9 -141.9,108.9
0 -148.2,102.3 -141.9,102.3
0 -135.5,108.4 -135.9,109.0
0 -134.7,107.7 -134.1,107.3
0 -138.4,102.3 -136.9,101.2
0 -243.1,92.2 -246.9,89.1
0 -247.3,97.3 -250.8,94.5
0 -238.2,97.9 -235.7,95.7
0 -242.7,93.1 -240.9,91.4
0 -247.6,97.6 -248.3,98.3
0 -243.2,102.5 -243.9,103.1
0 -246.9,89.1 -262.4,79.3
0 -262.4,79.3 -283.3,72.3
0 -265.3,85.3 -284.8,78.7
0 -238.5,87.5 -240.9,91.4
0 -232.9,90.9 -235.7,95.7
0 -232.0,88.7 -230.4,88.4
0 -233.3,82.2 -232.6,82.1
0 -234.3,82.3 -235.0,82.2
0 -234.9,73.3 -233.4,73.2
0 -236.2,66.7 -239.5,67.9
0 -234.9,73.3 -236.3,73.8
0 -233.4,73.2 -233.0,73.3
0 -232.1,73.7 -231.3,74.1
0 -227.4,66.7 -226.0,60.4
0 -233.9,65.2 -232.4,58.5
0 -231.3,74.1 -230.3,75.2
0 -227.3,68.7 -224.8,71.3
0 -230.3,75.2 -229.7,76.5
0 -224.8,71.3 -223.2,74.7
0 -229.7,76.5 -229.5,78.0
0 -223.2,74.7 -222.8,78.3
0 -229.5,78.0 -229.8,79.4
0 -222.8,78.3 -223.6,81.9
0 -231.5,81.5 -232.6,82.1
0 -227.7,87.0 -230.4,88.4
0 -235.0,82.2 -236.2,81.8
0 -236.2,81.8 -237.2,81.1
0 -239.2,87.7 -241.8,85.9
0 -237.2,81.1 -238.0,80.0
0 -241.8,85.9 -243.9,83.2
0 -238.0,80.0 -238.5,78.6
0 -243.9,83.2 -245.1,79.9
0 -238.5,78.6 -238.6,77.2
0 -245.1,79.9 -245.2,76.4
0 -238.6,77.2 -238.2,75.8
0 -245.2,76.4 -244.2,73.0
0 -238.2,75.8 -237.7,75.1
0 -236.9,74.3 -236.3,73.8
0 -241.0,69.1 -239.5,67.9
0 -240.5,68.6 -242.5,67.8
0 152.3,21.6 147.5,17.3
0 145.3,29.4 140.6,25.2
0 -226.0,-158.8 -222.6,-157.2
0 -217.5,-176.3 -212.4,-173.9
0 -226.8,-179.6 -233.2,-192.1
0 -233.1,-161.8 -237.2,-163.3
0 -222.6,-157.2 -214.8,-151.3
0 -212.4,-173.9 -202.2,-166.3
0 158.8,226.9 67.6,141.3
0 -22.1,57.1 -42.2,38.3
0 -42.2,38.3 -48.3,32.5
0 -56.8,24.5 -63.1,18.6
0 -63.1,18.6 -117.0,-31.9
0 -103.6,-46.1 -112.9,-54.9
0 -117.0,-31.9 -126.3,-40.7
0 -127.4,-68.4 -166.4,-105.1
0 -140.7,-54.2 -179.7,-90.8
0 -180.4,-118.2 -188.7,-126.0
0 -193.8,-104.0 -202.1,-111.9
0 -188.7,-126.0 -214.0,-150.5
0 -202.1,-111.9 -226.6,-135.6
0 -214.0,-150.5 -222.6,-156.8
0 -226.6,-135.6 -233.5,-140.5
0 -222.6,-156.8 -225.8,-158.7
0 -233.5,-140.5 -236.0,-142.1
0 -236.5,-162.6 -243.4,-164.3
0 -241.0,-143.7 -247.5,-145.2
0 179.1,-177.7 184.6,-173.0
0 114.0,-46.2 118.4,-40.0
0 119.3,-50.1 124.2,-43.2
0 7.0,-184.6 13.7,-183.1
0 8.4,-191.0 16.5,-189.3
0 13.7,-183.1 28.8,-171.8
0 16.5,-189.3 32.8,-177.1
0 5.7,-196.7 22.6,-211.3
0 -131.7,114.6 -132.9,114.6
0 -132.9,114.6 -134.1,114.3
0 -133.6,121.3 -136.9,120.4
0 -134.1,114.3 -135.1,113.6
0 -136.9,120.4 -139.7,118.5
0 -135.1,113.6 -135.9,112.6
0 -139.7,118.5 -141.8,115.8
0 -135.9,112.6 -136.3,111.4
0 -141.8,115.8 -142.9,112.5
0 -136.3,111.4 -136.3,110.2
0 -142.9,112.5 -142.9,109.1
0 -136.3,110.2 -135.9,109.0
0 -134.1,107.3 -132.8,107.0
0 -136.9,101.2 -133.4,100.3
0 -132.8,107.0 -132.1,107.0
0 -133.4,100.3 -131.6,100.4
0 -131.1,107.3 -130.3,107.6
0 -126.1,103.6 -123.5,100.8
0 -131.0,99.2 -128.2,96.2
0 -130.3,107.6 -129.4,108.5
0 -129.4,108.5 -129.2,108.8
0 -122.0,111.8 -110.8,113.2
0 -121.2,105.2 -108.9,106.8
0 -128.8,109.7 -128.6,111.0
0 -128.6,111.0 -128.9,112.3
0 -121.9,111.3 -122.7,114.8
0 -128.9,112.3 -129.6,113.3
0 -122.7,114.8 -124.5,117.7
0 -217.3,98.7 -213.1,111.2
0 -217.0,16.3 -225.4,13.7
0 -219.0,22.6 -227.4,20.0
0 -210.7,25.3 -93.3,65.0
0 -210.6,16.3 -211.3,-19.0
0 -217.2,16.5 -217.9,-18.9
0 -218.5,23.7 -232.4,58.5
0 -233.6,10.9 -249.2,5.1
0 -235.9,17.1 -251.5,11.3
0 -259.7,8.5 -280.3,2.0
0 -306.6,39.0 -294.7,44.1
0 -297.2,50.3 -273.6,58.8
0 -294.7,44.1 -270.9,52.7
0 -273.6,58.8 -245.3,73.8
0 -270.9,52.7 -242.5,67.8
0 -89.3,57.9 -187.0,-23.9
0 -93.6,63.0 -191.2,-18.8
0 -82.6,62.4 -54.2,32.3
0 -87.4,57.8 -58.8,27.6
0 -93.5,63.9 -128.2,96.2
0 -89.0,68.7 -123.5,100.8
0 -187.1,-23.1 -136.4,-46.7
0 -189.9,-29.0 -139.1,-52.7
0 -197.0,-27.3 -210.5,-26.8
0 -196.8,-20.7 -210.2,-20.2
0 -219.5,-26.1 -247.9,-22.9
0 -218.7,-19.6 -245.3,-16.6
0 -247.9,-22.9 -272.2,-4.3
0 -245.3,-16.6 -268.2,1.0
0 -276.2,-187.0 -286.4,-187.6
0 -277.5,-167.5 -287.6,-168.1
0 -262.0,-185.5 -256.6,-184.5
0 -24.1,-303.0 -21.7,-286.6
0 -13.7,-304.5 -11.3,-288.1
0 -301.6,-56.9 -266.7,-83.8
0 -305.4,-62.2 -270.7,-89.0
0 -266.7,-83.8 -256.5,-91.4
0 -270.7,-89.0 -260.4,-96.7
0 -110.8,113.2 -101.0,117.6
0 -108.9,106.8 -97.8,111.8
0 -101.0,117.6 -90.8,124.0
0 -97.8,111.8 -87.0,118.5
0 -90.8,124.0 -80.8,131.7
0 -87.0,118.5 -76.3,126.8
0 -80.8,131.7 -73.7,139.4
0 -76.3,126.8 -68.6,135.2
0 16.7,220.7 23.4,228.3
0 21.6,216.3 28.4,223.9
0 23.4,228.3 31.0,236.8
0 28.4,223.9 36.2,232.7
0 31.0,236.8 45.3,256.5
0 36.2,232.7 50.8,252.9
0 45.3,256.5 51.5,267.0
0 50.8,252.9 57.1,263.6
0 51.5,267.0 72.5,302.2
0 57.1,263.6 77.3,297.4
0 161.7,30.1 163.5,32.0
0 172.0,74.5 175.6,82.2
0 181.5,70.0 185.1,77.6
0 175.6,82.2 185.4,102.5
0 185.1,77.6 194.0,96.2
0 185.4,102.5 189.3,106.3
0 194.0,96.2 195.1,97.3
0 246.9,129.2 260.0,134.5
0 250.8,119.5 278.3,130.5
0 260.0,134.5 253.9,141.0
0 278.3,130.5 261.5,148.2
0 -8.9,19.5 78.5,103.2
0 92.8,116.7 183.3,200.8
0 86.0,114.5 91.7,108.4
0 81.2,109.9 86.9,103.9
0 250.1,160.2 261.5,148.2
0 242.5,153.0 253.9,141.0
0 -243.4,-164.3 -252.8,-166.0
0 -247.5,-145.2 -255.4,-146.7
0 -255.4,-146.7 -261.0,-147.1
0 -261.0,-147.1 -272.3,-148.2
0 -270.4,-167.6 -271.6,-167.7
0 -272.3,-148.2 -272.7,-148.2
0 -271.6,-167.7 -285.3,-168.0
0 -272.7,-148.2 -285.7,-148.5
0 -127.0,-150.9 -130.6,-151.0
0 -188.9,-100.9 -217.7,-72.2
0 -184.2,-96.2 -213.2,-67.4
0 -217.7,-72.2 -287.0,-7.5
0 -213.2,-67.4 -282.5,-2.7
0 -256.6,-184.5 -248.1,-183.6
0 -249.7,-164.2 -237.2,-163.3
0 -248.1,-183.6 -233.0,-182.6
0 -267.3,-188.1 -267.3,-192.1
0 -274.0,-187.6 -273.9,-192.4
0 -267.3,-192.1 -267.2,-192.4
0 -273.9,-192.4 -273.8,-193.6
0 -267.2,-192.4 -266.1,-196.7
0 -273.8,-193.6 -272.2,-199.1
0 -266.1,-196.7 -264.5,-199.8
0 -272.2,-199.1 -269.9,-203.6
0 -264.5,-199.8 -262.9,-201.5
0 -269.9,-203.6 -267.4,-206.4
0 -262.9,-201.5 -261.0,-202.9
0 -267.4,-206.4 -264.3,-208.6
0 -261.0,-202.9 -258.5,-204.0
0 -264.3,-208.6 -261.0,-210.2
0 -258.5,-204.0 -256.1,-204.8
0 -261.0,-210.2 -257.4,-211.4
0 -256.1,-204.8 -253.8,-205.0
0 -257.4,-211.4 -253.8,-211.6
0 -253.8,-205.0 -251.5,-204.8
0 -253.8,-211.6 -250.4,-211.4
0 -251.5,-204.8 -249.8,-204.3
0 -250.4,-211.4 -247.4,-210.5
0 -249.8,-204.3 -248.2,-203.6
0 -248.2,-203.6 -245.3,-201.8
0 -59.0,157.1 -55.0,151.8
0 -59.0,157.1 -62.0,157.1
0 -66.0,151.9 -62.0,157.1
0 -66.0,151.9 -65.8,150.2
0 -60.5,146.3 -65.8,150.2
0 -60.5,146.3 -55.0,151.8
0 -80.0,172.3 -74.6,168.4
0 -85.4,166.8 -81.4,172.1
0 -85.4,166.8 -78.4,161.5
0 -74.4,166.7 -78.4,161.5
0 -103.7,190.1 -98.6,186.0
0 -103.7,190.1 -105.6,189.9
0 -109.4,184.5 -105.6,189.9
0 -109.4,184.5 -102.3,179.4
0 -98.4,184.7 -102.3,179.4
0 -98.4,184.7 -98.6,186.0
0 -137.7,204.5 -133.9,209.9
0 -134.9,201.2 -140.3,204.9
0 -134.9,201.2 -133.4,201.4
0 -129.6,206.8 -133.4,201.4
0 -129.6,206.8 -133.9,209.9
0 -170.8,227.9 -167.2,233.4
0 -165.1,222.7 -170.6,226.4
0 -165.1,222.7 -163.7,223.0
0 -159.9,228.3 -163.7,223.0
0 -159.9,228.3 -167.2,233.4
0 -216.2,257.8 -212.6,263.3
0 -216.2,257.8 -216.0,256.3
0 -210.5,252.6 -216.0,256.3
0 -210.5,252.6 -208.9,252.9
0 -205.3,258.4 -208.9,252.9
0 -205.3,258.4 -212.6,263.3
0 18.8,-124.7 27.5,-130.7
0 18.8,-124.7 13.7,-129.5
0 14.0,-136.1 13.7,-129.5
0 14.0,-136.1 13.0,-136.6
0 23.0,-139.8 13.0,-136.6
0 23.0,-139.8 23.1,-138.4
0 26.5,-132.8 23.1,-138.4
0 26.5,-132.8 27.5,-130.7
0 -12.3,-130.7 -12.0,-137.3
0 -12.3,-130.7 -17.5,-128.7
0 -22.1,-133.6 -17.5,-128.7
0 -22.1,-133.6 -22.0,-134.8
0 -17.5,-139.6 -22.0,-134.8
0 -63.8,-83.8 -59.2,-88.6
0 -63.8,-83.8 -66.5,-84.1
0 -70.2,-89.5 -66.5,-84.1
0 -70.2,-89.5 -69.9,-91.1
0 -64.3,-94.7 -69.9,-91.1
0 -64.3,-94.7 -63.7,-94.7
0 -59.2,-89.8 -63.7,-94.7
0 -59.2,-89.8 -59.2,-88.6
0 -107.0,-47.6 -93.5,-61.7
0 -105.6,-73.4 -119.1,-59.3
0 -101.2,-61.2 -104.4,-67.0
0 27.9,180.3 32.3,175.4
0 27.9,180.3 25.6,180.3
0 21.4,175.2 25.6,180.3
0 21.4,175.2 21.4,174.2
0 26.0,169.5 21.4,174.2
0 26.0,169.5 27.4,169.4
0 32.2,173.9 27.4,169.4
0 32.2,173.9 32.3,175.4
0 64.3,138.5 77.1,123.8
0 62.3,130.4 67.5,134.5
0 67.4,114.8 54.0,129.0
0 0.7,202.8 5.6,198.4
0 0.7,202.8 -0.1,202.8
0 -5.1,198.6 -0.1,202.8
0 -5.1,198.6 -5.3,197.3
0 -1.3,192.0 -5.3,197.3
0 -1.3,192.0 1.5,192.0
0 5.7,197.0 1.5,192.0
0 5.7,197.0 5.6,198.4
0 -48.8,264.2 -43.1,261.0
0 -48.8,264.2 -53.2,256.7
0 -47.6,253.3 -53.2,256.7
0 -47.6,253.3 -46.0,253.7
0 -42.7,259.4 -46.0,253.7
0 -42.7,259.4 -43.1,261.0
0 -199.3,183.7 -193.9,180.0
0 -199.3,183.7 -204.3,176.3
0 -198.8,172.7 -204.3,176.3
0 -198.8,172.7 -197.6,172.9
0 -193.6,178.0 -197.6,172.9
0 -193.6,178.0 -193.9,180.0
0 -214.5,161.1 -209.0,157.4
0 -219.7,155.7 -215.6,160.9
0 -212.1,152.8 -217.5,156.5
0 -217.7,156.3 -212.2,152.6
0 -215.3,148.1 -220.8,151.8
0 -210.1,153.8 -213.8,148.3
0 -155.9,149.7 -150.6,145.7
0 -158.5,142.0 -154.4,147.2
0 -158.5,142.0 -154.5,138.9
0 -150.4,144.1 -154.5,138.9
0 -150.4,144.1 -150.6,145.7
0 -131.9,118.6 -125.4,117.8
0 -131.0,114.3 -128.6,120.4
0 -131.0,114.3 -130.1,113.8
0 -125.9,118.8 -130.1,113.8
0 -248.6,208.4 -243.2,204.7
0 -248.6,208.4 -250.1,208.2
0 -253.9,202.7 -250.1,208.2
0 -246.7,199.6 -252.1,203.4
0 -246.7,199.6 -243.2,204.7
0 -252.3,203.0 -246.9,199.3
0 -252.3,203.0 -255.8,198.0
0 -250.3,194.2 -255.8,198.0
0 -250.3,194.2 -248.6,194.6
0 -245.1,200.2 -248.6,194.6
0 -265.7,183.4 -260.3,179.7
0 -265.7,183.4 -269.2,178.4
0 -263.8,174.6 -269.2,178.4
0 -260.0,178.1 -263.8,172.7
0 -260.0,178.1 -260.3,179.7
0 -272.5,173.6 -267.0,170.0
0 -272.5,173.6 -276.5,167.6
0 -271.1,163.9 -276.5,167.6
0 -265.8,169.7 -269.5,164.2
0 -265.8,169.7 -267.0,170.0
0 -277.9,165.6 -272.4,161.9
0 -277.9,165.6 -282.8,158.3
0 -277.4,154.6 -282.8,158.3
0 -272.1,160.4 -275.8,154.9
0 -295.4,140.0 -289.9,136.3
0 -295.4,140.0 -297.0,139.7
0 -300.6,134.2 -297.0,139.7
0 -300.6,134.2 -293.3,129.3
0 -289.6,134.8 -293.3,129.3
0 -289.6,134.8 -289.9,136.3
0 274.7,36.9 279.8,32.7
0 274.7,36.9 273.9,36.8
0 269.1,32.4 273.9,36.8
0 269.1,32.4 269.1,30.1
0 274.2,25.9 269.1,30.1
0 274.2,25.9 275.1,25.9
0 279.9,30.4 275.1,25.9
0 279.9,30.4 279.8,32.7
0 251.6,9.0 256.7,4.8
0 251.6,9.0 250.8,9.0
0 245.9,4.5 250.8,9.0
0 252.6,-0.1 247.6,4.2
0 252.6,-0.1 256.7,4.8
0 247.3,3.8 252.4,-0.4
0 247.3,3.8 243.2,-1.2
0 248.4,-5.3 243.2,-1.2
0 248.4,-5.3 249.1,-5.2
0 254.0,-0.8 249.1,-5.2
0 229.9,-17.9 235.1,-22.0
0 231.9,-25.9 226.7,-22.0
0 235.2,-24.4 230.3,-28.8
0 235.2,-24.4 235.1,-22.0
0 226.6,-22.1 231.8,-26.1
0 223.3,-23.7 228.1,-19.2
0 223.3,-23.7 223.4,-26.0
0 228.6,-30.2 223.4,-26.0
0 217.6,-33.3 222.7,-37.4
0 217.6,-33.3 216.8,-33.3
0 212.0,-37.9 216.8,-33.3
0 212.0,-37.9 212.0,-40.2
0 217.2,-44.3 212.0,-40.2
0 217.2,-44.3 222.7,-37.4
0 186.8,-71.6 191.9,-75.7
0 186.8,-71.6 185.3,-71.7
0 181.1,-76.8 185.3,-71.7
0 181.1,-76.8 181.2,-78.4
0 186.3,-82.6 181.2,-78.4
0 186.3,-82.6 187.0,-82.6
0 192.0,-78.2 187.0,-82.6
0 192.0,-78.2 191.9,-75.7
0 169.7,-92.3 174.8,-96.5
0 169.7,-92.3 168.2,-92.5
0 163.9,-97.5 168.2,-92.5
0 163.9,-97.5 164.1,-99.2
0 169.2,-103.3 164.1,-99.2
0 169.2,-103.3 174.8,-96.5
0 92.2,-187.3 97.3,-191.5
0 92.2,-187.3 91.2,-187.4
0 86.5,-192.1 91.2,-187.4
0 86.5,-192.1 86.7,-194.2
0 91.9,-198.3 86.7,-194.2
0 91.9,-198.3 93.0,-198.2
0 97.5,-193.4 93.0,-198.2
0 97.5,-193.4 97.3,-191.5
0 208.8,114.0 212.7,104.3
0 208.8,114.0 197.8,109.6
0 201.7,99.9 197.8,109.6
0 201.7,99.9 206.8,100.4
0 211.7,104.8 206.8,100.4
0 211.7,104.8 212.7,104.3
0 106.8,-3.9 113.6,-11.9
0 106.8,-3.9 99.2,-10.5
0 105.9,-18.5 99.2,-10.5
0 105.9,-18.5 108.5,-17.9
0 112.5,-12.6 108.5,-17.9
0 112.5,-12.6 113.6,-11.9
0 121.5,-27.5 125.4,-22.2
0 121.5,-27.5 122.3,-30.3
0 128.5,-32.7 122.3,-30.3
0 132.5,-27.7 128.3,-32.8
0 132.5,-27.7 125.4,-22.2
0 200.3,-86.0 204.7,-90.9
0 200.3,-86.0 198.8,-85.9
0 193.9,-90.3 198.8,-85.9
0 204.6,-92.6 199.6,-96.9
0 204.6,-92.6 204.7,-90.9
0 206.5,-105.0 211.5,-100.7
0 206.5,-105.0 206.5,-107.5
0 211.6,-111.7 206.5,-107.5
0 211.6,-111.7 212.2,-111.7
0 217.2,-107.4 212.2,-111.7
0 217.2,-107.4 211.5,-100.7
0 221.5,-110.7 225.8,-115.7
0 221.5,-110.7 220.0,-110.6
0 215.0,-114.9 220.0,-110.6
0 215.0,-114.9 220.7,-121.6
0 225.7,-117.3 220.7,-121.6
0 225.7,-117.3 225.8,-115.7
0 226.3,-128.2 231.3,-123.9
0 226.3,-128.2 226.2,-129.7
0 230.4,-134.8 226.2,-129.7
0 230.4,-134.8 232.0,-134.9
0 237.0,-130.6 232.0,-134.9
0 237.0,-130.6 231.3,-123.9
0 268.8,-166.7 273.1,-171.7
0 268.8,-166.7 267.3,-166.6
0 262.2,-170.8 267.3,-166.6
0 262.2,-170.8 262.1,-172.4
0 266.4,-177.4 262.1,-172.4
0 266.4,-177.4 267.6,-177.5
0 272.9,-173.6 267.6,-177.5
0 272.9,-173.6 273.1,-171.7
0 165.0,-256.0 169.3,-261.0
0 165.0,-256.0 163.0,-255.9
0 158.4,-260.6 163.0,-255.9
0 158.4,-260.6 158.3,-261.7
0 162.6,-266.7 158.3,-261.7
0 162.6,-266.7 163.9,-266.8
0 169.1,-262.8 163.9,-266.8
0 169.1,-262.8 169.3,-261.0
0 134.7,-226.4 139.1,-231.3
0 134.7,-226.4 132.7,-226.4
0 128.2,-231.2 132.7,-226.4
0 128.2,-231.2 134.5,-237.2
0 139.1,-232.5 134.5,-237.2
0 139.1,-232.5 139.1,-231.3
0 114.6,-207.5 119.2,-212.3
0 114.6,-207.5 112.7,-207.5
0 108.2,-212.4 112.7,-207.5
0 108.2,-212.4 114.6,-218.4
0 119.2,-213.6 114.6,-218.4
0 119.2,-213.6 119.2,-212.3
0 62.7,-168.9 67.1,-164.0
0 62.7,-168.9 62.7,-170.3
0 67.5,-174.8 62.7,-170.3
0 67.5,-174.8 69.0,-174.8
0 73.6,-170.1 69.0,-174.8
0 73.6,-170.1 67.1,-164.0
0 48.8,-156.0 53.6,-151.4
0 48.8,-156.0 48.8,-156.9
0 52.7,-162.2 48.8,-156.9
0 52.7,-162.2 55.3,-162.3
0 59.8,-157.4 55.3,-162.3
0 59.8,-157.4 53.6,-151.4
0 46.1,-143.1 51.5,-146.9
0 46.1,-143.1 44.2,-143.5
0 40.8,-149.2 44.2,-143.5
0 40.8,-149.2 46.9,-154.1
0 51.7,-149.5 46.9,-154.1
0 51.7,-149.5 51.5,-146.9
0 161.4,52.0 170.9,47.5
0 161.4,52.0 156.9,42.5
0 166.3,37.9 156.9,42.5
0 170.1,42.4 165.3,37.8
0 170.1,42.4 170.9,47.5
0 247.2,-185.3 251.5,-190.3
0 247.2,-185.3 245.7,-185.1
0 240.7,-189.4 245.7,-185.1
0 240.7,-189.4 240.5,-191.0
0 244.9,-196.0 240.5,-191.0
0 244.9,-196.0 251.5,-190.3
0 213.1,-214.6 217.4,-219.6
0 213.1,-214.6 211.5,-214.5
0 206.6,-218.9 211.5,-214.5
0 212.2,-224.1 207.9,-219.1
0 212.2,-224.1 217.4,-219.6
0 48.7,-81.5 57.3,-87.4
0 48.7,-81.5 48.1,-82.7
0 43.2,-87.2 48.1,-82.7
0 43.2,-87.2 42.0,-91.2
0 50.6,-97.1 42.0,-91.2
0 50.6,-97.1 57.3,-87.4
0 -2.7,-25.7 1.8,-30.5
0 -2.7,-25.7 -4.3,-25.6
0 -9.1,-30.2 -4.3,-25.6
0 -9.1,-30.2 -9.1,-31.7
0 -4.6,-36.5 -9.1,-31.7
0 -4.6,-36.5 -3.1,-36.5
0 1.7,-32.1 -3.1,-36.5
0 1.7,-32.1 1.8,-30.5
0 -37.7,19.0 -24.2,4.9
0 -34.2,-4.6 -47.7,9.4
0 -31.7,3.1 -36.5,-1.4
0 -241.5,-195.2 -235.3,-197.6
0 -241.5,-195.2 -243.9,-200.1
0 -238.9,-204.3 -243.9,-200.1
0 -238.5,-205.8 -244.6,-203.4
0 -238.5,-205.8 -235.3,-197.6
0 -150.6,-216.8 -144.9,-213.5
0 -146.2,-221.7 -152.1,-218.7
0 -142.1,-218.5 -147.8,-221.7
0 -142.1,-218.5 -144.9,-213.5
0 -161.2,-198.2 -155.4,-195.1
0 -161.2,-198.2 -160.5,-198.9
0 -155.0,-202.6 -160.5,-198.9
0 -151.8,-201.5 -157.5,-204.8
0 -151.8,-201.5 -155.4,-195.1
0 -166.4,-188.9 -160.7,-185.6
0 -166.4,-188.9 -166.2,-193.5
0 -160.3,-196.4 -166.2,-193.5
0 -157.9,-190.4 -163.6,-193.7
0 -157.9,-190.4 -160.7,-185.6
0 -184.0,-158.4 -178.2,-155.3
0 -178.1,-166.2 -184.0,-163.1
0 -174.5,-161.9 -180.3,-165.2
0 -174.5,-161.9 -178.2,-155.3
0 -193.4,-130.8 -179.8,-144.9
0 -193.4,-130.8 -203.9,-140.9
0 -190.4,-155.0 -203.9,-140.9
0 -185.4,-142.5 -191.1,-145.8
0 189.2,232.0 202.6,217.8
0 179.6,220.1 187.1,227.3
0 189.6,206.2 177.0,221.1
0 196.9,217.1 189.3,209.9
0 -174.3,-112.4 -160.7,-126.5
0 -174.3,-112.4 -184.9,-122.7
0 -171.4,-136.7 -184.9,-122.7
0 -169.5,-127.6 -174.8,-131.6
0 -150.8,-153.1 -146.3,-157.9
0 -155.0,-159.6 -149.6,-155.8
0 -155.0,-159.6 -153.1,-162.4
0 -147.7,-158.6 -153.1,-162.4
0 -147.7,-157.4 -143.3,-162.3
0 -152.8,-162.8 -147.4,-159.0
0 -152.8,-162.8 -150.1,-166.6
0 -144.7,-162.8 -150.1,-166.6
0 -136.3,-176.1 -132.6,-181.6
0 -136.3,-176.1 -137.3,-175.8
0 -143.1,-179.0 -137.3,-175.8
0 -143.1,-179.0 -137.8,-186.8
0 -132.8,-182.5 -137.8,-186.8
0 -132.8,-182.5 -132.6,-181.6
0 -109.6,-217.0 -105.2,-221.8
0 -109.6,-217.0 -110.0,-216.9
0 -115.7,-220.3 -110.0,-216.9
0 -115.7,-220.3 -111.2,-227.9
0 -105.5,-224.4 -111.2,-227.9
0 -105.5,-224.4 -105.2,-221.8
0 -79.1,-264.4 -74.6,-269.3
0 -79.1,-264.4 -79.8,-264.3
0 -85.3,-268.0 -79.8,-264.3
0 -85.3,-268.0 -80.0,-275.3
0 -74.8,-271.2 -80.0,-275.3
0 -74.8,-271.2 -74.6,-269.3
0 -69.9,-179.8 -65.4,-184.6
0 -69.9,-179.8 -76.3,-185.9
0 -71.8,-190.7 -76.3,-185.9
0 -65.4,-186.3 -70.3,-190.7
0 -86.8,-195.7 -82.3,-200.5
0 -93.1,-199.8 -88.0,-195.6
0 -87.2,-205.1 -91.7,-200.3
0 -120.3,-60.4 -106.7,-74.5
0 -118.9,-86.2 -132.4,-72.1
0 -114.1,-70.1 -115.8,-76.5
0 -107.7,-149.4 -102.2,-153.0
0 -111.6,-154.8 -106.3,-150.8
0 -111.6,-154.8 -112.5,-156.9
0 -106.9,-160.4 -112.5,-156.9
0 -9.5,-208.1 0.5,-211.3
0 -9.5,-208.1 -12.6,-213.1
0 -11.5,-219.6 -12.6,-213.1
0 -11.5,-219.6 -12.3,-220.4
0 -1.9,-221.9 -12.3,-220.4
0 -1.9,-221.9 0.5,-211.3
0 -29.2,-218.7 -25.0,-223.8
0 -29.2,-218.7 -30.6,-218.2
0 -35.4,-222.7 -30.6,-218.2
0 -31.0,-229.1 -35.5,-224.3
0 -31.0,-229.1 -25.0,-223.8
0 -184.9,-164.9 -179.1,-167.9
0 -183.0,-175.7 -188.9,-172.7
0 -179.5,-171.3 -185.0,-174.8
0 -179.5,-171.3 -179.1,-167.9
0 225.4,187.3 229.7,182.4
0 225.4,187.3 223.0,188.9
0 215.3,181.8 223.0,188.9
0 223.1,176.3 218.5,181.0
0 231.0,180.3 223.4,173.1
0 231.0,180.3 229.7,182.4
0 115.2,84.3 119.7,79.5
0 115.2,84.3 113.7,84.4
0 108.8,79.9 113.7,84.4
0 108.8,79.9 108.8,78.3
0 113.3,73.5 108.8,78.3
0 113.3,73.5 114.8,73.4
0 119.7,77.9 114.8,73.4
0 119.7,77.9 119.7,79.5
0 242.9,-92.2 247.2,-97.2
0 242.9,-92.2 241.5,-92.1
0 236.4,-96.2 241.5,-92.1
0 240.6,-103.0 236.3,-98.0
0 240.6,-103.0 247.2,-97.2
0 56.2,-232.6 61.3,-236.7
0 56.2,-232.6 55.1,-232.6
0 50.5,-237.4 55.1,-232.6
0 50.5,-237.4 50.7,-239.5
0 55.9,-243.5 50.7,-239.5
0 55.9,-243.5 61.3,-236.7
0 -227.6,87.8 -223.0,83.1
0 -230.9,81.1 -226.5,85.9
0 -230.9,81.1 -230.2,80.2
0 -224.6,83.6 -230.2,80.2
0 -210.1,99.3 -207.8,93.1
0 -216.7,95.7 -210.2,97.1
0 -216.7,95.7 -218.6,94.9
0 -214.9,89.5 -218.6,94.9
0 -214.9,89.5 -207.8,93.1
0 -153.3,108.7 -152.9,102.1
0 -153.3,108.7 -157.5,110.7
0 -162.4,106.3 -157.5,110.7
0 -161.0,101.4 -161.8,108.0
0 -161.0,101.4 -152.9,102.1
0 -140.7,104.5 -135.5,108.4
0 -141.9,102.3 -141.9,108.9
0 -141.9,102.3 -138.4,102.3
0 -134.7,107.7 -138.4,102.3
0 -134.7,107.7 -135.5,108.4
0 -247.6,97.6 -243.2,102.5
0 -247.6,97.6 -247.3,97.3
0 -243.1,92.2 -247.3,97.3
0 -243.1,92.2 -242.7,93.1
0 -238.2,97.9 -242.7,93.1
0 -238.5,87.5 -232.9,90.9
0 -234.3,82.3 -234.8,88.9
0 -234.3,82.3 -233.3,82.2
0 -232.0,88.7 -233.3,82.2
0 -232.0,88.7 -232.9,90.9
0 -249.6,109.1 -244.1,105.4
0 -249.6,109.1 -251.1,108.8
0 -254.8,103.3 -251.1,108.8
0 -254.8,103.3 -248.3,98.3
0 -243.9,103.1 -248.3,98.3
0 -243.9,103.1 -244.1,105.4
0 -232.1,73.7 -229.1,67.8
0 -232.1,73.7 -233.0,73.3
0 -231.6,66.8 -233.0,73.3
0 -227.4,66.7 -233.9,65.2
0 -243.2,71.5 -237.7,75.1
0 -240.5,68.6 -242.9,74.7
0 -236.9,74.3 -241.0,69.1
0 -236.9,74.3 -237.7,75.1
0 151.4,34.8 158.3,26.9
0 151.4,34.8 145.3,29.4
0 152.3,21.6 145.3,29.4
0 152.3,21.6 154.9,22.9
0 159.7,27.4 154.9,22.9
0 -226.0,-158.8 -217.5,-176.3
0 -226.0,-158.8 -233.1,-161.8
0 -226.2,-180.1 -233.1,-161.8
0 -226.8,-179.6 -232.7,-176.6
0 -226.8,-179.6 -217.5,-176.3
0 -48.3,32.5 -35.0,18.3
0 -53.4,22.4 -48.8,27.2
0 -41.6,12.1 -54.9,26.3
0 -126.3,-40.7 -112.9,-54.9
0 -133.1,-55.4 -130.4,-49.4
0 -127.4,-68.4 -140.7,-54.2
0 -179.7,-90.8 -166.4,-105.1
0 -185.4,-104.3 -180.8,-99.6
0 -180.4,-118.2 -193.8,-104.0
0 -180.4,-118.2 -166.4,-105.1
0 -236.0,-142.1 -225.8,-158.7
0 -236.0,-142.1 -241.0,-143.7
0 -236.5,-162.6 -241.0,-143.7
0 -240.0,-159.7 -243.4,-154.1
0 187.0,-162.3 191.3,-167.4
0 187.0,-162.3 185.5,-162.1
0 180.4,-166.4 185.5,-162.1
0 184.6,-173.0 180.3,-168.0
0 184.6,-173.0 191.3,-167.4
0 140.6,25.2 147.5,17.3
0 140.6,25.2 131.7,17.5
0 138.6,9.5 131.7,17.5
0 138.6,9.5 141.3,10.8
0 146.1,15.3 141.3,10.8
0 146.1,15.3 147.5,17.3
0 114.0,-46.2 119.3,-50.1
0 114.0,-46.2 108.9,-53.5
0 114.3,-57.2 108.9,-53.5
0 114.3,-57.2 115.4,-57.1
0 119.6,-52.0 115.4,-57.1
0 119.6,-52.0 119.3,-50.1
0 7.0,-184.6 8.4,-191.0
0 -1.3,-181.9 8.7,-185.0
0 -1.3,-181.9 -4.8,-193.1
0 5.2,-196.3 -4.8,-193.1
0 6.8,-188.9 2.5,-193.9
0 28.7,-206.3 33.5,-210.8
0 22.6,-211.3 26.9,-206.3
0 22.6,-211.3 29.0,-217.1
0 33.6,-212.3 29.0,-217.1
0 33.6,-212.3 33.5,-210.8
0 -131.1,107.3 -128.4,101.2
0 -131.1,107.3 -132.1,107.0
0 -131.6,100.4 -132.1,107.0
0 -131.6,100.4 -131.0,99.2
0 -126.1,103.6 -131.0,99.2
0 -122.0,111.8 -121.2,105.2
0 -128.7,109.8 -122.9,106.8
0 -128.7,109.8 -129.2,108.8
0 -123.4,105.8 -129.2,108.8
0 -233.2,133.4 -227.7,129.7
0 -238.4,127.8 -234.5,133.2
0 -232.6,122.5 -238.1,126.1
0 -232.6,122.5 -227.7,129.7
0 -210.7,25.3 -208.6,19.1
0 -210.7,25.3 -212.4,26.1
0 -218.5,23.7 -212.4,26.1
0 -218.5,23.7 -219.0,22.6
0 -217.0,16.3 -219.0,22.6
0 -217.0,16.3 -217.2,16.5
0 -210.6,16.3 -217.2,16.5
0 -210.6,16.3 -208.6,19.1
0 -227.4,20.0 -225.4,13.7
0 -227.4,20.0 -229.2,20.8
0 -235.3,18.4 -229.2,20.8
0 -233.6,10.9 -235.9,17.1
0 -233.6,10.9 -225.4,13.7
0 -251.5,11.3 -249.2,5.1
0 -251.5,11.3 -253.1,12.0
0 -259.2,9.6 -253.1,12.0
0 -259.2,9.6 -259.7,8.5
0 -257.7,2.2 -259.7,8.5
0 -257.7,2.2 -249.2,5.1
0 -87.2,68.7 -82.6,64.0
0 -87.2,68.7 -89.0,68.7
0 -93.5,63.9 -89.0,68.7
0 -91.2,58.8 -93.3,65.0
0 -89.3,57.9 -93.6,63.0
0 -89.3,57.9 -87.4,57.8
0 -82.6,62.4 -87.4,57.8
0 -82.6,62.4 -82.6,64.0
0 -191.2,-18.8 -187.0,-23.9
0 -191.2,-18.8 -196.8,-20.7
0 -197.0,-27.3 -196.8,-20.7
0 -197.0,-27.3 -189.9,-29.0
0 -187.1,-23.1 -189.9,-29.0
0 -217.9,-18.9 -211.3,-19.0
0 -217.9,-18.9 -218.7,-19.6
0 -219.5,-26.1 -218.7,-19.6
0 -219.5,-26.1 -210.5,-26.8
0 -210.2,-20.2 -210.5,-26.8
0 -210.2,-20.2 -211.3,-19.0
0 -265.5,-166.3 -262.0,-185.5
0 -270.2,-172.9 -264.4,-176.1
0 -276.2,-187.0 -277.5,-167.5
0 -265.8,-179.7 -272.3,-178.3
0 154.0,37.3 161.7,30.1
0 150.4,34.7 155.3,39.2
0 158.7,27.2 151.7,35.1
0 158.7,27.2 161.7,30.1
0 172.0,74.5 181.5,70.0
0 172.0,74.5 166.9,63.8
0 176.4,59.4 166.9,63.8
0 176.4,59.4 175.7,60.4
0 180.6,64.8 175.7,60.4
0 180.6,64.8 181.5,70.0
0 79.5,131.0 92.8,116.7
0 78.5,103.2 65.0,117.3
0 86.0,114.5 81.2,109.9
0 -141.1,-184.5 -146.1,-182.0 -164.0,-173.0
0 -127.9,-200.4 -128.4,-202.8 -130.1,-221.0 -130.4,-224.1 -131.6,-231.6
0 -147.4,-173.3 -146.5,-176.0 -141.1,-184.5 -128.4,-202.8 -112.2,-226.2
0 -84.3,-271.8 -82.6,-274.8 -71.9,-292.6 -70.8,-293.9 -66.3,-298.8
0 -296.9,-143.6 -282.1,-149.4 -261.5,-146.3 -260.5,-146.2
0 90.9,165.0 157.8,228.7 169.2,238.7 197.6,264.0 211.2,275.4
0 225.4,234.9 215.6,225.8 211.9,222.1 211.1,219.7 211.6,218.2 214.1,213.5
0 -128.4,-202.8 -131.4,-204.4
0 -112.2,-226.2 -114.4,-228.1 -123.2,-235.5 -127.1,-238.4
0 -167.4,-170.5 -166.5,-170.9 -164.0,-173.0 -153.5,-190.1 -141.3,-209.9 -130.4,-224.1
0 -141.1,-184.5 -143.4,-185.5
0 -137.6,-207.9 -141.3,-209.9 -144.4,-211.5
0 -131.4,-204.4 -137.6,-207.9
0 -143.4,-185.5 -149.3,-188.3
0 -149.3,-188.3 -153.5,-190.1 -156.3,-191.5
0 -166.5,-170.9 -172.9,-157.1 -178.6,-144.8 -179.1,-142.6
0 -146.5,-176.0 -154.7,-163.9 -171.8,-138.5 -173.6,-137.6
0 -225.2,-184.2 -230.1,-193.4 -253.7,-245.2 -255.1,-271.3
0 -180.0,-143.4 -179.1,-142.6 -176.8,-140.5 -173.6,-137.6 -172.3,-136.4
0 194.9,200.9 192.9,202.2 189.2,201.7 186.0,198.6
0 -11.6,-301.8 1.4,-216.2
0 -153.0,101.0 -178.5,94.2 -213.3,80.5
0 -225.5,70.9 -134.6,101.0
0 -253.3,83.7 -247.7,88.4 -243.7,86.1 -246.6,77.3
0 -5.8,197.4 -10.1,197.4
0 -106.8,107.7 -87.0,118.2 -58.0,137.1 -49.7,144.8
