l|190733703|4비선|128.7018930,35.1284552;128.7016355,35.1286241;128.7013110,35.1288611;128.7010830,35.1290651;128.7008577,35.1293239;128.7006807,35.1296113;128.7005465,35.1299096;128.7004339,35.1302145;128.7003856,35.1304646;128.7003558,35.1310348|ground|0
l|202918292|진해선|128.6953442,35.1862735;128.6952675,35.1863127;128.6945985,35.1866681|bridge|0
l|202918302|행암선|128.6955383,35.1544665;128.6945477,35.1544313;128.6930966,35.1543633;128.6927046,35.1543471;128.6913478,35.1542909;128.6897292,35.1542266;128.6888078,35.1541900;128.6868229,35.1540979;128.6863010,35.1540780;128.6855033,35.1540475;128.6846052,35.1540080;128.6837572,35.1539707;128.6820593,35.1539006;128.6813405,35.1538686;128.6804822,35.1538304;128.6795144,35.1537852;128.6794929,35.1537843;128.6794361,35.1537821;128.6786583,35.1537580;128.6779260,35.1537207;128.6778466,35.1537171;128.6772957,35.1536922;128.6767620,35.1536396;128.6764842,35.1536017;128.6764503,35.1535933;128.6762121,35.1535343;128.6759144,35.1534378;128.6750400,35.1531659;128.6747199,35.1530923;128.6746108,35.1530672;128.6743882,35.1530321;128.6740315,35.1530080;128.6738491,35.1529992;128.6736452,35.1530080;128.6735138,35.1530168;128.6733609,35.1530321;128.6724785,35.1531681;128.6723872,35.1531744;128.6719662,35.1532032;128.6717596,35.1532054;128.6716443,35.1532032;128.6715209,35.1531944;128.6713627,35.1531769;128.6711976,35.1531455;128.6705258,35.1530080;128.6698602,35.1528638;128.6693790,35.1527595;128.6692679,35.1527427;128.6691203,35.1527295;128.6689192,35.1527185;128.6687577,35.1527145;128.6685946,35.1527185;128.6681118,35.1527536;128.6670992,35.1528670;128.6662301,35.1529810;128.6660182,35.1530227;128.6655944,35.1530730;128.6650514,35.1531374;128.6635908,35.1532793;128.6621505,35.1534306;128.6612357,35.1535548|ground|0
l|202918305|진해선|128.6968470,35.1630655;128.7001684,35.1791034|tunnel|0
l|202918315|진해선|128.6996375,35.1818725;128.6987988,35.1830817;128.6975007,35.1848530;128.6970500,35.1852607;128.6967711,35.1854887;128.6964117,35.1857123;128.6955777,35.1861507;128.6953442,35.1862735|ground|0
l|202918318|진해선|128.6945073,35.1605122;128.6947615,35.1606313;128.6947830,35.1606414;128.6949472,35.1607183;128.6953924,35.1609814;128.6957572,35.1612709;128.6960684,35.1615735;128.6962883,35.1618323;128.6964640,35.1621035;128.6966316,35.1623936;128.6967389,35.1626741;128.6968059,35.1629165;128.6968470,35.1630655|ground|0
l|202918329|진해선|128.6943410,35.1604552;128.6944575,35.1604951;128.6945073,35.1605122|bridge|0
l|202918332|진해선|128.6945985,35.1866681;128.6914010,35.1883117;128.6848779,35.1916611;128.6818953,35.1931341;128.6810509,35.1935598;128.6801412,35.1939320;128.6784406,35.1943967;128.6766867,35.1948837;128.6750667,35.1952870;128.6719915,35.1960888;128.6705230,35.1964838;128.6701958,35.1965890;128.6696312,35.1968165;128.6690907,35.1970843;128.6685690,35.1973732;128.6672448,35.1981338|ground|2
l|203042528|진해선|128.6721870,35.1540972;128.6722653,35.1541395;128.6723029,35.1541598|bridge|0
l|203042537|진해선|128.6723029,35.1541598;128.6734587,35.1547793;128.6742336,35.1551925;128.6751324,35.1556718;128.6766532,35.1564986;128.6778026,35.1571045;128.6789867,35.1577376;128.6792725,35.1578808;128.6796975,35.1580621;128.6801803,35.1582419;128.6807826,35.1584312;128.6808723,35.1584568;128.6810588,35.1585013;128.6813055,35.1585562;128.6827217,35.1587491;128.6836528,35.1588660;128.6858652,35.1591439;128.6894248,35.1596419;128.6898456,35.1597008;128.6907032,35.1598122;128.6919056,35.1599684;128.6928819,35.1601087;128.6932735,35.1601701;128.6937134,35.1602754;128.6943410,35.1604552|ground|0
l|203042541|진해선|128.6697492,35.1529767;128.6699143,35.1530173|bridge|0
l|203042543|진해선|128.6699143,35.1530173;128.6701381,35.1530819;128.6703005,35.1531352;128.6704412,35.1531916;128.6706036,35.1532646;128.6721870,35.1540972|ground|0
l|203336253|진해선|128.6594020,35.1537501;128.6612357,35.1535548;128.6633307,35.1533385;128.6644484,35.1532285;128.6645544,35.1532181;128.6649951,35.1531747;128.6655813,35.1531085;128.6665665,35.1529973;128.6677293,35.1528662;128.6684578,35.1528172;128.6687112,35.1528188;128.6689687,35.1528385;128.6691954,35.1528655;128.6697492,35.1529767|ground|0
l|203336258|진해선|128.6577429,35.1539399;128.6584740,35.1538538;128.6587970,35.1538157;128.6591747,35.1537712|ground|0
l|203336260|진해선|128.6591747,35.1537712;128.6594020,35.1537501|ground|0
l|336365177|신항남선|128.8149166,35.0630828;128.8146178,35.0630475;128.8143774,35.0630273;128.8140108,35.0630122;128.8138968,35.0629970;128.8083831,35.0620789;128.8063509,35.0616885|ground|0
l|336365178||128.8143774,35.0630273;128.8139594,35.0629625;128.8084029,35.0620384|ground|0
l|336365179||128.8149166,35.0630828;128.8144443,35.0629973;128.8139948,35.0628785;128.8084100,35.0619602|ground|0
l|336365180||128.8144443,35.0629973;128.8084029,35.0620007;128.8063670,35.0616270|ground|0
l|365810745||128.8084029,35.0620384;128.8071583,35.0618070;128.8063616,35.0616599|ground|0
l|365810746||128.8084100,35.0619602;128.8063831,35.0615963|ground|0
l|365810747|신항남선|128.8149166,35.0630828;128.8150655,35.0631020;128.8153828,35.0631429;128.8155081,35.0631590;128.8161924,35.0632768|ground|0
l|365810751||128.8024293,35.0829056;128.8025393,35.0828815;128.8027620,35.0828507;128.8029527,35.0828355;128.8033654,35.0828024;128.8036462,35.0828018;128.8042989,35.0828002;128.8064929,35.0828112;128.8091261,35.0828348;128.8106350,35.0828483;128.8114331,35.0828541;128.8116702,35.0828512;128.8118230,35.0828442;128.8119887,35.0828367;128.8122001,35.0828469;128.8123480,35.0828541;128.8126713,35.0828592;128.8127125,35.0828599;128.8127401,35.0828634;128.8129160,35.0828859;128.8131867,35.0829226|ground|0
l|365810752||128.8026334,35.0829059;128.8027340,35.0828872;128.8030492,35.0828828;128.8032101,35.0828795;128.8039331,35.0828822;128.8060770,35.0828817;128.8071021,35.0828741;128.8084330,35.0828836;128.8107992,35.0828934;128.8116787,35.0828970;128.8122001,35.0828469|ground|0
l|365810753||128.8029527,35.0828355;128.8031007,35.0828471;128.8052209,35.0828432;128.8064374,35.0828509;128.8067083,35.0828490;128.8082284,35.0828547;128.8098325,35.0828604;128.8105914,35.0828700;128.8107992,35.0828934|ground|0
l|365810754||128.8036462,35.0828018;128.8037390,35.0827884;128.8038556,35.0827715;128.8046585,35.0827632;128.8096237,35.0827725;128.8108330,35.0827734|ground|0
l|365810755||128.8091261,35.0828348;128.8094133,35.0828020;128.8102796,35.0828059;128.8114725,35.0828186;128.8115265,35.0828192;128.8118230,35.0828442|ground|0
l|365810756||128.8108330,35.0827734;128.8109704,35.0827713;128.8110219,35.0827705;128.8111936,35.0827880;128.8114725,35.0828186|ground|0
l|365810757||128.8037390,35.0827884;128.8038884,35.0827443;128.8042193,35.0827341;128.8044954,35.0827327;128.8106993,35.0827318;128.8109704,35.0827713|ground|0
l|365810758||128.8126713,35.0828592;128.8128377,35.0828546;128.8131739,35.0828452;128.8132133,35.0828455;128.8132401,35.0828457;128.8219475,35.0829003;128.8222908,35.0829369|ground|0
l|365810759||128.8132401,35.0828457;128.8133796,35.0828211;128.8138114,35.0828168;128.8164928,35.0828336;128.8183283,35.0828442;128.8216925,35.0828635;128.8220372,35.0828759;128.8220625,35.0828768;128.8224650,35.0829372|ground|0
l|365810760||128.8133796,35.0828211;128.8136057,35.0827874;128.8141401,35.0827700;128.8188994,35.0827746;128.8201091,35.0827856;128.8210318,35.0827943;128.8212435,35.0828002;128.8212705,35.0828009;128.8215763,35.0828295;128.8216408,35.0828351;128.8219518,35.0828624;128.8220372,35.0828759|ground|0
l|365810761||128.8183283,35.0828442;128.8184320,35.0828256;128.8197533,35.0828172;128.8205785,35.0828272;128.8213469,35.0828339;128.8216408,35.0828351|ground|0
l|365810762||128.8128377,35.0828546;128.8130501,35.0828251;128.8133864,35.0828002;128.8138207,35.0827563;128.8142736,35.0827353;128.8206248,35.0827467;128.8207860,35.0827544;128.8210335,35.0827735;128.8212435,35.0828002|ground|0
l|380239453|진해선|128.6421373,35.1530379;128.6432967,35.1531173;128.6440002,35.1531659;128.6440567,35.1531664;128.6449380,35.1531736;128.6457480,35.1531918;128.6465893,35.1532013;128.6474124,35.1532368;128.6490513,35.1532882;128.6506069,35.1533315;128.6508648,35.1533977;128.6509859,35.1534287;128.6517737,35.1536308;128.6521457,35.1537933;128.6524906,35.1538633;128.6560062,35.1540210;128.6562816,35.1540334;128.6567080,35.1540312;128.6577429,35.1539399|ground|0
l|415787381|신항남선|128.8161924,35.0632768;128.8167883,35.0633252;128.8178165,35.0634802;128.8182667,35.0635565;128.8192554,35.0637192;128.8207001,35.0639664;128.8213593,35.0640856;128.8223651,35.0642493;128.8229718,35.0643816;128.8237168,35.0645890;128.8239526,35.0646682;128.8243542,35.0648248|bridge|0
l|415867579|신항북선|128.8238915,35.0829870;128.8224650,35.0829372;128.8222908,35.0829369;128.8131867,35.0829226;128.8026334,35.0829059;128.8024293,35.0829056;128.8012205,35.0829037|ground|0
l|426978961|행암선|128.7003347,35.1313969;128.7003320,35.1308057;128.7003507,35.1302485;128.7003722,35.1297056;128.7003668,35.1293557;128.7003159,35.1288599;128.7002274,35.1278596|ground|0
l|426980755||128.6880682,35.1041287;128.6888735,35.1068079;128.6889379,35.1069451;128.6890465,35.1070866;128.6891820,35.1072413;128.6893214,35.1073675;128.6894810,35.1074860;128.6896326,35.1075836;128.6897814,35.1076637;128.6900269,35.1077504;128.6902522,35.1078052;128.6904238,35.1078272;128.6906639,35.1078497|ground|0
l|426980756||128.6952424,35.1095929;128.6948887,35.1094311;128.6925642,35.1083675;128.6921565,35.1081821;128.6918521,35.1080482;128.6914819,35.1079572;128.6910836,35.1078990;128.6906639,35.1078497;128.6903205,35.1077751;128.6899933,35.1076983;128.6897533,35.1076094;128.6895119,35.1074558;128.6893389,35.1073241;128.6891645,35.1071618;128.6890116,35.1069906;128.6889345,35.1068151;128.6881164,35.1041117|ground|0
l|426980757||128.6928780,35.1085540;128.6925642,35.1083675|ground|0
l|426980758||128.6921565,35.1081821;128.6924341,35.1082748;128.6926661,35.1083658;128.6945142,35.1092172;128.6946456,35.1092841;128.6948887,35.1094311|ground|0
l|426980759|행암선|128.6859566,35.1069752;128.6880406,35.1086911;128.6882069,35.1088129;128.6883612,35.1088809;128.6885436,35.1089149;128.6887112,35.1089391;128.6889177,35.1089500;128.6891135,35.1089380;128.6893643,35.1088952;128.6896245,35.1088173;128.6901811,35.1086187;128.6903541,35.1085452;128.6905043,35.1084695;128.6906866,35.1083916;128.6910273,35.1082808;128.6911681,35.1082347;128.6913264,35.1082084;128.6915302,35.1081974;128.6917542,35.1082139;128.6920170,35.1082534;128.6923040,35.1083214;128.6925320,35.1083949;128.6928780,35.1085540;128.6947582,35.1094119;128.6949473,35.1094854;128.6952424,35.1095929;128.6955696,35.1097454;128.6957386,35.1098453;128.6958915,35.1099539;128.6960672,35.1101119;128.6963756,35.1104004;128.6967498,35.1107471;128.6970113,35.1110027;128.6971897,35.1111738;128.6973117,35.1113439;128.6974177,35.1115852;128.6975062,35.1119023;128.6977972,35.1131573;128.6978562,35.1133471;128.6979621,35.1135610;128.6981177,35.1138046;128.6983551,35.1140415;128.6986837,35.1143761;128.6989264,35.1146032;128.6992442,35.1147831;128.6995943,35.1149510;128.6999215,35.1151144;128.7001897,35.1152746;128.7003936,35.1154348;128.7005478,35.1156004;128.7007221,35.1158439;128.7008348,35.1160590;128.7009072,35.1162981;128.7009327,35.1165032;128.7009568,35.1166919;128.7009246,35.1169991;128.7009059,35.1170847;128.7008817,35.1171845;128.7008080,35.1173743;128.7006645,35.1176968;128.7006242,35.1178580;128.7005666,35.1181432;128.7005603,35.1184150;128.7005076,35.1195934;128.7004915,35.1203591;128.7004271,35.1222338;128.7003198,35.1248730;128.7002689,35.1264152;128.7002540,35.1272625;128.7002274,35.1278596|ground|0
l|475583834|행암선|128.7003347,35.1313969;128.7002622,35.1324805;128.7002515,35.1327657;128.7002810,35.1330750;128.7003615,35.1334040;128.7004554,35.1336080;128.7006109,35.1338976;128.7007665,35.1341169;128.7009125,35.1342666;128.7012348,35.1345766;128.7015777,35.1348807;128.7017869,35.1350891;128.7019863,35.1353219;128.7020444,35.1353984;128.7021088,35.1355015;128.7021950,35.1356734;128.7022956,35.1359731;128.7023533,35.1361888;128.7023743,35.1363570;128.7023801,35.1364498;128.7023747,35.1365573;128.7023586,35.1366889;128.7021624,35.1375085;128.7020100,35.1381124;128.7018678,35.1386762;128.7017256,35.1392443;128.7016566,35.1396147;128.7016313,35.1399125;128.7016313,35.1400529;128.7016608,35.1403402;128.7018223,35.1412045;128.7018367,35.1413328;128.7018464,35.1414887;128.7018487,35.1417032;128.7018240,35.1419692;128.7018057,35.1423274;128.7017785,35.1427056;128.7017386,35.1431836;128.7017232,35.1434316;128.7017021,35.1436868;128.7016610,35.1440871;128.7016426,35.1444438;128.7015925,35.1451180;128.7015551,35.1456461;128.7015271,35.1459427;128.7014943,35.1466767;128.7014817,35.1468998;128.7014844,35.1469432|ground|0
l|475583835|4비선|128.7003558,35.1310348;128.7003347,35.1313969|ground|0
l|574726290|진해선|128.6669901,35.1982763;128.6669436,35.1983025;128.6649011,35.1994822;128.6633912,35.2003580;128.6630769,35.2005531;128.6628042,35.2007394;128.6620725,35.2012316;128.6617043,35.2014708;128.6585740,35.2032633;128.6574648,35.2037958;128.6571536,35.2039443;128.6568855,35.2040866;128.6561029,35.2045385;128.6549722,35.2051778;128.6544043,35.2054988|ground|2
l|574726291|진해선|128.6672448,35.1981338;128.6669901,35.1982763|bridge|1
l|881770619|진해선|128.7001684,35.1791034;128.7002295,35.1794110;128.7002902,35.1798109;128.7003009,35.1800301;128.7002741,35.1804028;128.7002258,35.1806659;128.7001225,35.1809504;128.6999669,35.1813231;128.6998449,35.1815735;128.6997294,35.1817683|ground|0
l|881770620|진해선|128.6997294,35.1817683;128.6996375,35.1818725|bridge|1
l|893274073|행암선|128.7014234,35.1475061;128.7013045,35.1483551;128.7012802,35.1487121;128.7012685,35.1488826;128.7012466,35.1492041;128.7012160,35.1496534;128.7012125,35.1496969;128.7012100,35.1497249;128.7011712,35.1501874;128.7011430,35.1505300;128.7011093,35.1507188;128.7010569,35.1510127;128.7009784,35.1512862;128.7008641,35.1515432;128.7006817,35.1518283;128.7003920,35.1522494;128.7001882,35.1524906;128.7000837,35.1525959;128.6999575,35.1527231;128.6997537,35.1528985;128.6993191,35.1531749;128.6979703,35.1539146;128.6976937,35.1540477;128.6973665,35.1541792;128.6968895,35.1543239;128.6965428,35.1544028;128.6964296,35.1544260;128.6963455,35.1544331;128.6960948,35.1544511;128.6955383,35.1544665|ground|0
l|893274074|행암선|128.7014432,35.1472793;128.7014234,35.1475061|bridge|1
l|893274077|행암선|128.7014761,35.1470542;128.7014432,35.1472793|ground|0
l|893274078|행암선|128.7014844,35.1469432;128.7014761,35.1470542|bridge|1
