# [B]width[>] x,z[,y] ... car and bus lane centre lines in Unity metres; B bus only, > one way. OSM data (c) OpenStreetMap contributors, ODbL
B3.5> -214.5,-117.4 -214.9,-134.8
16> -220.7,-117.2 -221.1,-134.6
13> 131.6,-54.6 131.4,-64.4 131.3,-65.5 131.2,-73.5 131.0,-80.7 130.9,-84.8 129.2,-167.3 127.1,-200.5 126.9,-240.3
13> 143.8,-249.7 146.8,-168.6 147.2,-109.5 147.7,-81.1 148.0,-66.1 148.0,-64.2
5> 193.6,-196.0 195.4,-159.9 196.3,-153.4 203.6,-138.9 223.8,-105.0 236.0,-85.7 257.2,-53.0 269.2,-35.6 278.2,-23.8 289.0,-10.5 296.8,-1.8
B3.5> -208.3,68.1 -210.3,32.1
16> -214.5,68.4 -216.6,32.5
5> -220.7,-117.2 -229.8,-147.3 -236.3,-159.4 -247.7,-169.6 -259.9,-177.6 -274.8,-184.3
5 267.3,62.4 257.3,57.5 240.3,49.3 235.6,47.0 224.0,41.3 179.4,38.8 172.5,38.8 147.5,38.5 141.4,38.4
5 302.6,161.7 292.6,160.7 264.1,158.0 262.4,158.0 247.1,158.4 242.7,158.5 188.9,158.5 180.7,147.8 172.2,135.7 152.0,135.9 141.7,135.7
5> -168.5,-11.8 -172.9,5.6 -181.4,39.5 -183.7,47.5 -187.8,52.5 -204.1,63.2 -214.5,68.4
B4> -161.7,-232.0 -176.7,-193.9
B4> -176.7,-193.9 -181.4,-172.4 -185.2,-149.5 -185.9,-136.7 -179.3,-83.0
B4> -218.5,11.7 -211.0,-0.3 -209.4,-8.2 -209.0,-18.4 -206.3,-84.2 -205.8,-117.8 -205.7,-124.7 -203.8,-141.0 -199.8,-168.1 -188.5,-201.9 -185.8,-210.9
B4> -161.7,-232.0 -179.5,-201.0 -188.2,-178.2 -196.2,-148.7 -199.6,-124.1 -202.6,-45.1
5> -160.9,-224.3 -155.4,-197.3 -155.6,-172.7 -147.8,-141.8
5> -110.2,46.4 -138.7,25.6 -171.2,29.6
5> -126.8,-274.8 -134.0,-245.7 -147.8,-180.4 -147.8,-141.8
5> -127.6,7.2 -133.2,12.6 -141.4,18.7 -171.2,29.6
B4> -147.8,-141.8 -143.9,-110.1 -142.5,-55.3 -143.3,-19.2 -143.4,-11.6 -153.2,-2.6 -168.8,2.4
B3.5> -210.3,31.9 -212.3,11.1
16> -216.6,32.5 -218.5,11.7
B3.5> -212.3,11.4 -213.4,-12.7 -214.5,-117.3
16> -218.5,11.7 -219.7,-12.5 -220.7,-117.2
B4> -176.7,-193.9 -184.9,-172.0 -191.1,-148.5 -190.4,-132.5 -186.0,-92.1 -186.4,-44.1 -185.9,-23.2 -185.6,-12.2 -185.0,14.1 -187.0,21.7 -191.4,26.2 -196.7,28.2 -205.5,30.6 -216.6,32.5
B3.5> -184.1,110.2 -182.1,160.8 -171.1,214.0 -158.2,282.2
16> -177.8,109.9 -175.9,160.0 -165.0,212.8 -152.0,281.0
5 203.3,68.9 173.0,69.8 150.1,72.1 141.7,73.0
5 306.1,110.6 300.3,114.2 293.3,115.4 280.6,130.6 264.1,158.0
5 -307.6,164.4 -246.6,165.9
5 257.2,-53.0 272.8,-92.6 272.2,-116.9 271.8,-139.0 266.7,-211.6 264.7,-258.6 245.0,-291.9
5 266.7,-211.6 226.1,-197.6 193.6,-196.0
5 272.2,-116.9 254.0,-131.4
5 271.8,-139.0 254.0,-131.4 244.7,-123.4 227.4,-113.6 223.8,-105.0
5 254.0,-131.4 245.0,-147.1 237.3,-161.1 221.4,-150.7 203.6,-138.9
5 172.2,135.7 199.4,106.3 223.6,77.5 223.6,69.1 252.4,68.7 257.3,57.5
5 240.3,49.3 251.5,40.0 259.3,39.5 276.3,44.0 293.9,44.7 304.5,42.0
5 253.1,-11.4 250.4,-8.0 236.3,6.3
5 236.7,-22.9 234.1,-20.0 225.5,-12.3 217.9,-9.7 177.0,3.4 162.5,8.1 146.9,11.8 142.2,12.9
5 236.3,23.6 223.1,5.4
5 -216.6,32.5 -245.0,32.3 -279.0,18.9 -301.3,8.0
5 192.6,-281.5 193.5,-269.5 192.6,-221.3 193.6,-196.0
13> -201.4,-201.6 -217.8,-193.7
13> 148.0,-64.2 163.0,-64.3 175.9,-64.4 187.0,-63.3 197.3,-60.2 206.6,-54.9 226.3,-41.1 242.0,-30.2 260.4,-17.3 277.9,-5.6 297.2,6.0
13> 146.4,-39.1 145.1,-19.7 142.2,12.9 141.9,17.0 141.4,38.4 141.7,73.0 141.7,85.9 141.7,135.7 141.1,174.8 140.2,187.4 135.4,212.3 132.3,226.0 124.5,268.7 121.7,278.9
13> -161.7,-232.0 -185.8,-210.9
B3.5> -214.9,-135.1 -216.6,-156.8 -216.4,-165.1 -214.5,-180.5 -211.7,-192.3
16> -221.1,-134.6 -222.9,-156.6 -222.7,-165.5 -220.7,-181.6 -217.8,-193.7
B3.5> -215.1,-133.1 -210.4,-151.5 -207.9,-160.6 -200.0,-183.6 -195.4,-199.9
16> -221.1,-134.6 -216.5,-153.1 -213.9,-162.5 -206.0,-185.5 -201.4,-201.6
B3.5> -174.3,213.6 -185.9,169.7 -206.6,75.2 -208.4,67.1
16> -180.4,214.9 -192.0,171.2 -212.7,76.5 -214.5,68.4
5> -147.8,-141.8 -129.8,-113.2 -124.1,-99.6 -122.0,-88.4 -121.6,-59.2 -121.7,-55.0 -121.9,-40.8 -121.9,-33.3 -122.2,-11.3 -123.6,-1.9 -127.6,7.2
B3.5> -167.1,-225.5 -172.4,-197.9 -175.6,-181.5 -180.9,-156.3 -179.9,-129.5 -174.4,-83.4 -174.6,-20.0 -174.7,-12.0 -175.1,2.2 -175.4,15.9 -177.4,28.7 -180.2,47.0
16> -160.9,-224.3 -166.3,-196.7 -169.5,-180.3 -174.7,-155.8 -173.7,-130.0 -168.1,-83.8 -168.3,-19.9 -168.5,-11.8 -168.8,2.4 -169.2,16.4 -171.2,29.6 -174.0,47.9
13> -276.3,-210.5 -267.0,-209.4 -254.0,-209.8 -247.3,-210.4 -239.0,-214.1 -226.5,-223.8 -213.2,-233.7 -202.7,-240.8
13> 117.1,260.2 124.4,224.5 131.3,190.8 132.6,162.4 133.5,141.9 133.3,110.0 133.2,85.8 133.2,82.5 133.2,70.4 133.2,13.0 131.9,-39.3 131.8,-42.0 131.8,-46.7 131.7,-51.5 131.6,-54.6
5 199.4,106.3 173.0,69.8
5 232.2,1.5 225.5,-12.3
5 217.9,-9.7 214.6,-33.0 214.4,-38.0
5 232.2,1.5 223.1,5.4 202.5,14.1 195.7,11.2 180.1,12.7 180.6,16.4 173.6,21.2 172.4,25.1 172.5,38.8
5 180.1,12.7 177.0,3.4
5 132.6,162.4 108.4,162.1 101.5,162.6 97.9,162.9 95.2,163.9 93.6,165.1 92.4,166.1 91.9,167.5 91.8,168.3 91.8,169.8 91.9,172.2 91.8,174.5 91.6,178.7 91.6,180.5 90.8,186.8 88.0,205.3 86.6,213.8 71.3,284.8 71.3,288.7 74.4,289.1 76.5,289.4 82.1,290.3 97.8,292.7
5> 133.3,110.0 116.5,94.4 85.4,65.5 69.8,44.7 67.0,34.5 68.1,-33.9 69.6,-41.5 74.5,-50.9 82.1,-57.6 96.1,-64.7 106.2,-66.3 129.9,-65.5 131.3,-65.5
B4> -179.3,-83.0 -179.8,-43.7 -179.4,-22.7 -179.3,-12.0 -179.7,1.7 -179.8,4.5 -181.4,39.5 -181.8,63.7 -177.8,109.9
5 223.6,69.1 203.3,68.9
5 293.3,115.4 253.6,103.9 252.4,68.7
5> -192.0,171.2 -195.2,163.9 -205.7,144.9 -211.1,135.9 -219.7,123.8 -233.7,112.0 -249.1,101.1 -263.4,97.7 -270.9,96.8
13> 304.5,20.0 282.8,7.6 267.6,-1.4 253.1,-11.4 236.7,-22.9 228.7,-28.6 214.4,-38.0 201.5,-46.4 194.2,-51.2 187.2,-54.1 180.4,-55.3 162.7,-55.7 148.0,-55.2 143.8,-55.0 135.3,-54.8 132.1,-54.7 131.6,-54.6
13> 131.3,-65.5 146.0,-64.3 148.0,-64.2
13> 148.0,-64.2 148.0,-55.2 147.7,-52.1 147.1,-46.0 146.4,-39.1
5> -127.6,7.2 -131.6,16.4 -132.0,22.3 -122.7,33.8 -110.2,46.4
5 235.6,47.0 219.3,60.0 203.3,68.9
5 133.2,70.4 104.9,72.7 96.5,69.1 90.5,59.6
5> -299.4,100.3 -256.2,68.5 -244.6,58.0 -216.6,32.5
5> -214.5,68.4 -234.6,77.8 -270.9,96.8 -294.5,111.2
B4> -202.6,-45.1 -202.2,-27.0 -199.3,-14.9 -196.9,-6.6 -193.5,2.7 -192.9,8.7 -195.1,13.1 -198.1,15.6 -200.8,16.0 -203.7,16.5 -206.7,16.2 -218.5,11.7
5> -183.7,47.5 -197.7,52.4 -201.3,52.5 -204.6,51.4 -208.0,49.0 -210.3,46.2 -216.6,32.5
B3.5> -180.3,47.6 -184.1,109.6
16> -174.0,47.9 -177.8,109.9
B4> -185.8,-210.9 -184.8,-232.9 -186.3,-253.3
13> -185.8,-210.9 -201.4,-201.6
B3.5> -195.4,-199.9 -190.3,-217.7 -180.3,-251.5
16> -201.4,-201.6 -196.3,-219.5 -186.3,-253.3
13> -217.8,-193.7 -234.3,-187.7 -235.0,-187.5 -253.5,-183.8 -274.8,-184.3
B3.5> -211.8,-192.0 -202.9,-223.5 -196.9,-238.5
16> -217.8,-193.7 -208.8,-225.5 -202.7,-240.8
5 173.0,69.8 172.5,38.8
5> -137.0,-11.3 -153.2,-2.6
