# 0 x,z[,y] ... pedestrian network: sidewalks, zebra crossings, footways. OSM data (c) OpenStreetMap contributors, ODbL
0 -211.2,-125.3 -211.2,-127.0
0 -230.7,-124.8 -230.7,-126.6
0 -230.4,-107.2 -229.4,-12.3
0 -209.6,-140.5 -207.1,-150.6
0 123.4,-53.1 123.4,-51.3
0 123.0,-68.9 122.9,-73.3
0 139.4,-73.7 139.3,-80.9
0 122.9,-73.3 122.8,-80.5
0 139.3,-80.9 139.2,-85.0
0 122.8,-80.5 122.7,-84.7
0 139.2,-85.0 137.5,-167.7
0 122.7,-84.7 121.0,-167.0
0 137.5,-167.7 135.4,-200.7
0 121.0,-167.0 118.9,-200.2
0 135.4,-200.7 135.1,-240.4
0 118.9,-200.2 118.6,-240.3
0 135.6,-249.4 138.5,-168.4
0 152.1,-250.0 155.0,-168.8
0 138.5,-168.4 138.9,-109.4
0 155.0,-168.8 155.4,-109.6
0 138.9,-109.4 139.5,-80.9
0 155.4,-109.6 156.0,-81.2
0 154.7,-72.5 163.0,-72.6
0 190.5,-191.5 192.1,-159.6
0 197.1,-191.8 198.7,-160.2
0 197.9,-199.6 225.5,-200.9
0 196.7,-200.6 195.9,-221.4
0 190.2,-200.3 189.3,-221.3
0 192.1,-159.6 193.1,-152.4
0 198.7,-160.2 199.5,-154.4
0 193.1,-152.4 198.7,-141.3
0 199.5,-154.4 204.6,-144.3
0 203.1,-133.4 218.7,-107.1
0 208.7,-136.8 224.4,-110.5
0 223.4,-99.5 233.2,-83.9
0 229.0,-103.0 238.8,-87.5
0 228.5,-107.6 230.0,-111.3
0 233.2,-83.9 252.0,-54.9
0 238.8,-87.5 257.5,-58.5
0 256.9,-47.5 266.5,-33.7
0 262.4,-51.3 271.9,-37.6
0 261.8,-55.9 276.1,-92.0
0 266.5,-33.7 275.6,-21.7
0 271.9,-37.6 280.8,-25.8
0 275.6,-21.7 286.5,-8.4
0 280.8,-25.8 291.5,-12.7
0 291.5,-12.7 299.1,-4.2
0 -224.8,59.1 -225.7,42.9
0 -204.2,70.0 -203.2,74.4
0 -224.9,69.6 -236.1,74.9
0 -222.1,75.6 -233.2,80.8
0 -227.1,24.0 -228.2,12.4
0 -226.4,29.1 -244.3,29.1
0 -226.5,35.7 -245.6,35.6
0 -226.1,36.7 -246.9,55.6
0 -221.7,41.6 -242.4,60.5
0 -232.8,-146.0 -238.9,-157.3
0 -233.6,-161.5 -245.6,-172.2
0 -238.9,-157.3 -249.7,-167.0
0 -249.7,-167.0 -261.5,-174.7
0 268.9,59.5 262.7,56.5
0 265.8,65.3 259.8,62.4
0 252.5,60.2 251.1,63.3
0 258.5,62.9 257.2,66.0
0 239.7,45.3 239.2,45.1
0 236.8,51.2 236.3,51.0
0 241.6,43.9 250.2,36.7
0 234.3,52.3 221.2,62.8
0 224.8,38.1 179.4,35.5
0 179.3,42.1 175.6,42.1
0 175.8,34.4 175.7,25.6
0 175.9,43.2 176.2,65.3
0 149.8,30.3 150.1,17.5
0 149.7,46.8 149.9,64.5
0 302.9,158.4 292.9,157.5
0 302.3,164.9 292.3,164.0
0 292.9,157.5 268.8,155.1
0 292.3,164.0 268.1,161.7
0 263.4,161.3 262.5,161.3
0 269.2,155.9 283.3,132.5
0 263.5,152.5 277.9,128.7
0 262.3,154.7 247.0,155.1
0 262.5,161.3 247.2,161.7
0 247.0,155.1 242.7,155.2
0 247.2,161.7 242.8,161.8
0 242.7,155.2 190.5,155.2
0 242.8,161.8 187.3,161.8
0 190.5,155.2 183.4,145.9
0 187.3,161.8 178.1,149.8
0 183.4,145.9 177.4,137.4
0 178.1,149.8 172.1,141.2
0 167.8,132.5 152.0,132.6
0 167.8,139.1 152.0,139.2
0 177.6,134.8 198.9,111.8
0 172.8,130.3 194.0,107.3
0 149.9,127.3 150.0,85.9
0 149.8,144.2 149.4,175.1
0 -184.6,38.6 -185.8,43.0
0 -188.9,45.8 -198.3,49.1
0 -185.6,55.0 -202.5,66.1
0 -152.1,-197.6 -152.3,-173.1
0 -144.5,-146.2 -144.5,-180.1
0 -142.6,-139.9 -126.9,-114.7
0 -107.9,44.1 -120.2,31.6
0 -139.6,29.0 -161.0,31.7
0 -163.1,23.1 -142.9,15.8
0 -162.9,39.3 -164.3,49.0
0 -130.0,-275.6 -137.2,-246.5
0 -123.6,-274.0 -130.7,-245.0
0 -137.2,-246.5 -151.1,-180.7
0 -130.7,-245.0 -144.5,-180.1
0 -132.4,7.2 -135.4,10.1
0 -122.8,4.4 -120.4,-0.9
0 -128.8,1.8 -126.8,-2.8
0 -126.3,12.5 -128.4,17.2
0 -135.4,10.1 -142.9,15.8
0 -141.0,-104.2 -140.2,-91.1
0 -140.2,-91.1 -139.7,-50.3
0 -133.6,-91.4 -133.1,-50.3
0 -139.7,-50.3 -140.2,-19.4
0 -133.1,-50.3 -133.6,-19.3
0 -140.2,-19.4 -140.3,-13.3
0 -129.3,-105.1 -125.6,-84.1
0 -132.2,-83.5 -132.4,-57.0
0 -125.6,-84.1 -125.8,-56.9
0 -132.5,-48.2 -132.6,-33.9
0 -132.6,-33.9 -132.7,-28.5
0 -126.0,-33.8 -126.1,-28.4
0 -132.7,-28.5 -132.8,-19.8
0 -126.1,-28.4 -126.2,-19.8
0 -132.8,-19.8 -132.9,-13.2
0 -126.2,-19.8 -126.3,-9.0
0 -126.3,-9.0 -134.1,-5.3
0 -134.1,-5.3 -152.2,0.5
0 -228.2,12.4 -229.4,-12.3
0 -187.6,109.8 -185.6,161.2
0 -168.1,110.0 -166.2,158.8
0 -168.1,110.0 -164.3,49.0
0 -187.6,109.8 -183.7,46.9
0 -166.2,158.8 -155.4,210.9
0 -155.4,210.9 -142.5,279.2
0 199.0,72.3 177.5,72.9
0 207.7,72.2 219.1,72.4
0 168.3,66.9 149.8,68.9
0 169.0,73.5 150.5,75.4
0 172.9,75.3 194.2,104.7
0 150.0,78.8 150.0,85.9
0 303.4,108.4 299.1,111.1
0 299.1,111.1 295.9,111.6
0 301.5,117.4 297.0,118.1
0 288.0,116.7 277.9,128.7
0 293.0,120.9 283.3,132.5
0 290.0,111.0 256.8,101.3
0 288.2,117.4 250.3,106.4
0 -307.7,167.7 -246.7,169.2
0 -307.5,161.1 -246.5,162.6
0 276.1,-92.0 275.6,-112.6
0 269.5,-93.1 269.0,-112.4
0 275.4,-121.4 275.2,-134.6
0 268.8,-121.2 268.6,-134.5
0 270.8,-122.2 259.5,-131.2
0 274.7,-143.6 270.3,-207.5
0 268.2,-143.1 263.7,-207.0
0 269.0,-134.2 259.3,-130.1
0 269.8,-216.2 268.0,-259.5
0 263.2,-215.9 261.4,-257.6
0 261.5,-213.3 225.5,-200.9
0 263.6,-207.1 226.8,-194.3
0 268.0,-259.5 247.7,-293.8
0 261.4,-257.6 242.3,-289.9
0 248.5,-131.0 242.8,-126.1
0 252.8,-126.0 246.6,-120.7
0 246.6,-120.7 230.0,-111.3
0 247.9,-148.7 238.5,-165.8
0 238.5,-165.8 219.6,-153.5
0 204.8,105.0 226.9,78.7
0 199.7,100.8 220.3,76.3
0 226.9,78.7 226.9,72.9
0 220.3,76.3 220.3,72.9
0 228.0,72.3 248.0,72.0
0 250.2,36.7 259.7,36.2
0 259.0,42.8 275.8,47.3
0 259.7,36.2 276.8,40.7
0 275.8,47.3 294.3,48.0
0 276.8,40.7 293.6,41.4
0 294.3,48.0 304.4,45.4
0 293.6,41.4 304.7,38.5
0 255.0,-0.1 263.2,5.5
0 228.4,-18.7 224.1,-21.7
0 221.0,-14.2 220.3,-14.0
0 223.2,-8.0 222.4,-7.7
0 230.4,-9.8 236.7,3.2
0 214.8,-5.2 182.2,5.2
0 163.3,11.3 147.7,15.0
0 151.2,5.3 153.4,-19.1
0 150.3,15.5 150.1,17.5
0 239.0,21.7 228.3,7.0
0 233.7,25.6 223.0,10.9
0 -244.3,29.1 -277.7,15.8
0 -245.6,35.6 -280.4,21.9
0 -277.7,15.8 -299.8,5.0
0 -280.4,21.9 -302.7,11.0
0 189.3,-281.3 190.2,-269.4
0 195.8,-281.8 196.8,-269.6
0 190.2,-269.4 189.3,-221.3
0 196.8,-269.6 195.9,-221.4
0 -228.1,-198.7 -236.6,-195.6
0 163.0,-72.6 176.3,-72.7
0 176.3,-72.7 188.6,-71.4
0 188.6,-71.4 200.6,-67.9
0 200.6,-67.9 211.0,-61.9
0 211.0,-61.9 231.0,-47.8
0 231.0,-47.8 246.7,-37.0
0 246.7,-37.0 265.1,-24.1
0 265.1,-24.1 282.4,-12.6
0 154.7,-38.5 153.4,-19.1
0 154.7,-38.5 155.3,-45.2
0 149.4,175.1 148.4,188.4
0 148.4,188.4 143.5,214.0
0 143.5,214.0 140.4,227.7
0 140.4,227.7 132.6,270.6
0 132.6,270.6 129.7,280.9
0 -232.4,-166.3 -230.3,-183.3
0 -207.1,-150.6 -204.5,-159.6
0 -189.9,217.1 -198.9,183.2
0 -184.6,159.4 -203.2,74.4
0 -126.9,-114.7 -120.9,-100.6
0 -127.3,-98.7 -125.3,-88.1
0 -120.9,-100.6 -118.7,-88.8
0 -125.3,-88.1 -124.9,-59.2
0 -118.7,-88.8 -118.3,-59.2
0 -124.9,-59.2 -125.0,-55.0
0 -118.3,-59.2 -118.4,-54.9
0 -118.4,-54.9 -118.5,-45.1
0 -125.2,-37.4 -125.2,-33.3
0 -118.6,-37.4 -118.6,-33.3
0 -125.2,-33.3 -125.5,-11.5
0 -118.6,-33.3 -118.9,-11.0
0 -125.5,-11.5 -126.8,-2.8
0 -118.9,-11.0 -120.4,-0.9
0 -159.1,2.7 -159.5,17.3
0 -278.5,-202.5 -267.3,-201.1
0 -274.1,-218.6 -266.6,-217.7
0 -267.3,-201.1 -253.5,-201.5
0 -266.6,-217.7 -254.5,-218.0
0 -253.5,-201.5 -245.2,-202.3
0 -254.5,-218.0 -249.4,-218.5
0 -245.2,-202.3 -234.7,-207.0
0 -249.4,-218.5 -243.3,-221.2
0 -234.7,-207.0 -221.5,-217.3
0 -243.3,-221.2 -231.5,-230.4
0 -231.5,-230.4 -218.0,-240.5
0 -218.0,-240.5 -207.3,-247.6
0 109.0,258.6 116.3,222.8
0 116.3,222.8 123.1,189.8
0 123.1,189.8 124.0,170.5
0 124.7,153.7 125.2,141.8
0 124.2,159.0 108.4,158.8
0 124.1,165.6 108.5,165.4
0 125.2,141.8 125.1,118.5
0 124.9,106.7 114.2,96.8
0 124.9,85.8 124.9,82.5
0 124.9,82.5 124.9,75.9
0 124.9,62.0 124.9,13.1
0 124.5,67.8 105.4,69.3
0 125.0,74.4 104.3,76.0
0 124.9,13.1 123.7,-39.1
0 123.7,-39.1 123.6,-41.8
0 123.6,-41.8 123.5,-46.5
0 123.5,-46.5 123.4,-51.3
0 204.0,-34.9 197.0,-39.5
0 108.4,158.8 101.3,159.3
0 108.5,165.4 101.8,165.9
0 101.3,159.3 97.2,159.6
0 101.8,165.9 98.6,166.1
0 97.2,159.6 93.6,160.9
0 98.6,166.1 96.8,166.8
0 93.6,160.9 91.6,162.5
0 96.8,166.8 95.7,167.7
0 91.6,162.5 89.6,164.1
0 95.7,167.7 95.2,168.0
0 89.6,164.1 88.7,166.7
0 88.7,166.7 88.5,168.2
0 95.2,168.2 95.1,168.5
0 88.5,168.2 88.5,169.8
0 95.1,168.5 95.1,169.7
0 88.5,169.8 88.6,172.2
0 95.1,169.7 95.2,172.2
0 88.6,172.2 88.6,173.3
0 88.4,176.2 88.3,178.6
0 95.4,178.7 102.9,180.5
0 96.9,172.3 104.4,174.1
0 88.3,178.6 88.3,180.3
0 94.9,178.8 94.9,180.7
0 88.3,180.3 87.6,186.3
0 94.9,180.7 94.1,187.2
0 87.6,186.3 84.7,204.8
0 94.1,187.2 91.3,205.8
0 84.7,204.8 84.0,209.5
0 91.3,205.8 90.5,210.5
0 82.5,217.4 68.0,284.4
0 88.9,218.8 74.6,285.1
0 82.2,210.5 65.9,210.3
0 82.2,217.1 59.7,216.9
0 68.0,284.4 68.0,291.6
0 74.6,285.1 74.6,285.8
0 68.0,291.6 74.0,292.4
0 74.6,285.8 74.9,285.8
0 74.0,292.4 76.0,292.7
0 74.9,285.8 77.0,286.2
0 76.0,292.7 81.6,293.5
0 77.0,286.2 82.6,287.0
0 81.6,293.5 97.3,296.0
0 82.6,287.0 98.3,289.4
0 121.7,178.1 104.4,174.1
0 120.2,184.5 102.9,180.5
0 65.9,210.3 61.9,125.5
0 59.7,216.9 55.3,125.9
0 61.9,125.5 60.1,102.4
0 55.3,125.9 53.5,102.9
0 114.2,96.8 83.0,67.8
0 87.9,63.3 72.8,43.2
0 83.0,67.8 66.8,46.2
0 72.8,43.2 70.3,34.1
0 66.8,46.2 63.6,34.9
0 70.3,34.1 71.4,-33.6
0 63.6,34.9 64.8,-34.2
0 71.4,-33.6 72.7,-40.4
0 64.8,-34.2 66.4,-42.6
0 72.7,-40.4 77.2,-48.9
0 66.4,-42.6 71.9,-53.0
0 77.2,-48.9 84.0,-54.8
0 71.9,-53.0 80.2,-60.3
0 84.0,-54.8 97.1,-61.5
0 80.2,-60.3 95.0,-67.8
0 97.1,-61.5 106.5,-63.0
0 95.0,-67.8 106.0,-69.6
0 -208.5,146.6 -213.9,137.7
0 -208.3,134.1 -217.3,121.6
0 -213.9,137.7 -222.2,126.1
0 -217.3,121.6 -231.7,109.4
0 -222.2,126.1 -235.7,114.6
0 -231.7,109.4 -247.7,98.1
0 -235.7,114.6 -250.5,104.2
0 -247.7,98.1 -262.8,94.4
0 -250.5,104.2 -264.0,101.0
0 -264.0,101.0 -267.9,100.5
0 -265.5,97.7 -233.2,80.8
0 -268.6,91.9 -236.1,74.9
0 -276.4,96.3 -295.8,108.1
0 -273.0,102.0 -293.3,114.3
0 300.8,27.3 278.7,14.8
0 278.7,14.8 263.2,5.5
0 197.0,-39.5 190.3,-43.9
0 190.3,-43.9 184.9,-46.1
0 184.9,-46.1 179.6,-47.1
0 179.6,-47.1 162.8,-47.5
0 162.8,-47.5 154.9,-47.2
0 -128.4,17.2 -128.6,21.2
0 -128.6,21.2 -120.2,31.6
0 105.4,69.3 98.8,66.4
0 98.8,66.4 93.3,57.8
0 -297.3,102.8 -254.1,71.1
0 -301.5,97.7 -258.3,66.0
0 -254.1,71.1 -242.4,60.5
0 -258.3,66.0 -246.9,55.6
0 -198.3,49.1 -200.8,49.2
0 -197.1,55.7 -201.8,55.8
0 -200.8,49.2 -203.1,48.4
0 -201.8,55.8 -206.1,54.4
0 -203.1,48.4 -205.7,46.6
0 -205.7,46.6 -207.4,44.5
0 -232.0,-179.7 -233.4,-179.4
0 -236.7,-195.6 -254.3,-192.0
0 -233.4,-179.4 -252.8,-175.5
0 -230.4,-107.2 -210.9,-107.4
0 -220.4,-127.7 -226.7,-125.8
0 -211.2,-125.3 -230.7,-124.8
0 -211.2,-125.3 -210.9,-107.4
0 -230.7,-126.6 -211.2,-127.0
0 -230.7,-126.6 -231.6,-143.7
0 -212.2,-145.3 -231.6,-143.7
0 -209.6,-140.5 -228.5,-145.3
0 -209.6,-140.5 -211.2,-127.0
0 123.4,-53.1 139.9,-53.4
0 123.4,-53.1 123.2,-58.8
0 139.7,-59.2 123.2,-58.8
0 132.0,-46.4 131.6,-62.9
0 137.3,-56.7 138.6,-73.2
0 123.1,-64.8 139.6,-65.2
0 130.8,-68.8 130.6,-62.2
0 139.5,-69.3 123.0,-68.9
0 139.8,-60.1 156.3,-60.1
0 147.7,-72.5 146.5,-56.0
0 156.3,-65.2 139.8,-64.9
0 154.9,-56.0 154.7,-72.5
0 190.5,-191.5 197.1,-191.8
0 190.5,-191.5 190.2,-200.3
0 196.7,-200.6 190.2,-200.3
0 196.7,-200.6 197.9,-199.6
0 198.2,-193.0 197.9,-199.6
0 198.2,-193.0 197.1,-191.8
0 203.1,-133.4 208.7,-136.8
0 203.1,-133.4 198.7,-141.3
0 204.6,-144.3 198.7,-141.3
0 204.6,-144.3 205.5,-144.1
0 209.1,-138.6 205.5,-144.1
0 209.1,-138.6 208.7,-136.8
0 223.4,-99.5 229.0,-103.0
0 223.4,-99.5 218.7,-107.1
0 224.4,-110.5 218.7,-107.1
0 228.5,-107.6 222.4,-110.1
0 228.5,-107.6 229.0,-103.0
0 256.9,-47.5 262.4,-51.3
0 256.9,-47.5 252.0,-54.9
0 257.5,-58.5 252.0,-54.9
0 261.8,-55.9 255.7,-58.3
0 261.8,-55.9 262.4,-51.3
0 -223.2,74.2 -204.2,70.0
0 -224.9,69.6 -222.1,75.6
0 -224.9,69.6 -224.8,59.1
0 -205.3,58.0 -224.8,59.1
0 -208.4,69.0 -211.3,63.1
0 -216.7,40.0 -210.7,37.3
0 -225.7,42.9 -206.3,41.8
0 -226.1,36.7 -221.7,41.6
0 -226.1,36.7 -226.5,35.7
0 -226.4,29.1 -226.5,35.7
0 -226.4,29.1 -227.1,24.0
0 -207.7,22.2 -227.1,24.0
0 259.8,62.4 262.7,56.5
0 259.8,62.4 258.5,62.9
0 252.5,60.2 258.5,62.9
0 254.8,52.6 251.9,58.6
0 242.8,54.2 245.7,48.2
0 239.7,45.3 236.8,51.2
0 239.7,45.3 241.6,43.9
0 245.8,49.0 241.6,43.9
0 236.3,51.0 239.2,45.1
0 236.3,51.0 234.3,52.3
0 230.1,47.2 234.3,52.3
0 233.1,42.1 230.2,48.1
0 233.1,42.1 239.2,45.1
0 169.3,43.3 175.9,43.2
0 168.2,35.5 168.1,42.1
0 175.8,34.4 169.2,34.5
0 175.8,34.4 175.6,35.5
0 175.6,42.1 175.6,35.5
0 175.6,42.1 175.9,43.2
0 144.1,41.8 144.2,35.2
0 133.2,46.9 149.7,46.8
0 149.8,30.3 133.3,29.8
0 268.1,161.7 268.8,155.1
0 268.1,161.7 263.4,161.3
0 263.2,154.7 263.4,161.3
0 269.2,155.9 263.5,152.5
0 172.1,141.2 177.4,137.4
0 172.1,141.2 167.8,139.1
0 167.8,132.5 167.8,139.1
0 167.8,132.5 172.8,130.3
0 177.6,134.8 172.8,130.3
0 177.6,134.8 177.4,137.4
0 146.2,139.1 146.4,132.5
0 133.3,144.0 149.8,144.2
0 149.9,127.3 133.4,127.3
0 -178.4,-5.7 -158.9,-5.2
0 -173.6,-4.8 -167.2,-3.2
0 -158.7,-15.3 -178.2,-15.6
0 -158.7,-15.3 -158.9,-5.2
0 -188.1,47.7 -183.0,51.8
0 -188.9,45.8 -186.7,52.0
0 -188.9,45.8 -185.8,43.0
0 -179.5,44.8 -185.8,43.0
0 -148.2,-136.4 -142.6,-139.9
0 -149.2,-136.5 -143.0,-139.0
0 -149.8,-136.7 -143.4,-138.4
0 -149.8,-136.7 -152.0,-145.3
0 -145.7,-146.9 -152.0,-145.3
0 -144.5,-146.2 -151.1,-146.2
0 -144.5,-146.2 -142.6,-139.9
0 -182.1,36.4 -162.9,39.3
0 -160.7,25.2 -180.0,22.2
0 -160.8,29.3 -163.1,23.1
0 -161.0,31.7 -161.8,25.1
0 -161.0,31.7 -162.9,39.3
0 -132.3,9.9 -126.3,12.5
0 -132.4,7.2 -127.8,12.0
0 -132.4,7.2 -128.8,1.8
0 -122.8,4.4 -128.8,1.8
0 -122.8,4.4 -126.3,12.5
0 -129.7,-47.1 -124.1,-50.5
0 -132.5,-48.2 -125.9,-48.1
0 -132.5,-48.2 -132.4,-57.0
0 -125.8,-56.9 -132.4,-57.0
0 207.7,72.2 207.8,65.6
0 207.7,72.2 199.0,72.3
0 198.8,65.7 199.0,72.3
0 198.8,65.7 205.6,63.8
0 208.8,69.6 205.6,63.8
0 172.9,75.3 178.2,71.4
0 172.9,75.3 169.0,73.5
0 168.3,66.9 169.0,73.5
0 168.3,66.9 169.6,65.4
0 176.2,65.3 169.6,65.4
0 176.2,65.3 177.3,66.3
0 177.5,72.9 177.3,66.3
0 133.5,78.8 150.0,78.8
0 149.9,64.5 133.4,64.7
0 145.8,75.9 145.2,69.3
0 288.0,116.7 293.0,120.9
0 288.0,116.7 288.2,117.4
0 290.0,111.0 288.2,117.4
0 290.0,111.0 295.9,111.6
0 297.0,118.1 295.9,111.6
0 297.0,118.1 293.0,120.9
0 269.0,-112.4 275.6,-112.6
0 269.0,-112.4 266.7,-117.0
0 270.8,-122.2 266.7,-117.0
0 275.4,-121.4 268.8,-121.2
0 275.4,-121.4 275.6,-112.6
0 268.6,-134.5 275.2,-134.6
0 268.6,-134.5 269.0,-134.2
0 266.4,-140.3 269.0,-134.2
0 266.4,-140.3 268.2,-143.1
0 274.7,-143.6 268.2,-143.1
0 274.7,-143.6 275.2,-134.6
0 263.7,-207.0 270.3,-207.5
0 261.5,-213.3 263.6,-207.1
0 261.5,-213.3 263.2,-215.9
0 269.8,-216.2 263.2,-215.9
0 269.8,-216.2 270.7,-215.5
0 271.5,-208.9 270.7,-215.5
0 271.5,-208.9 270.3,-207.5
0 255.4,-126.0 259.5,-131.2
0 255.4,-126.0 252.8,-126.0
0 248.5,-131.0 252.8,-126.0
0 254.7,-136.8 249.0,-133.6
0 254.7,-136.8 256.7,-136.1
0 259.3,-130.1 256.7,-136.1
0 194.0,107.3 198.9,111.8
0 194.0,107.3 194.2,104.7
0 199.5,100.8 194.2,104.7
0 199.5,100.8 199.7,100.8
0 204.8,105.0 199.7,100.8
0 204.8,105.0 198.9,111.8
0 220.3,72.9 226.9,72.9
0 220.3,72.9 219.1,72.4
0 219.2,65.8 219.1,72.4
0 228.0,72.3 227.9,65.7
0 228.0,72.3 226.9,72.9
0 249.2,73.2 255.8,72.9
0 249.2,73.2 248.0,72.0
0 247.9,65.4 248.0,72.0
0 257.2,66.0 251.1,63.3
0 255.0,-0.1 264.3,-13.7
0 249.3,-11.9 254.5,-7.9
0 250.9,-23.0 241.5,-9.5
0 238.9,-11.3 248.4,-24.8
0 233.1,-23.8 238.0,-19.4
0 237.9,-32.2 228.4,-18.7
0 224.5,-6.9 230.4,-9.8
0 221.0,-14.2 223.2,-8.0
0 221.0,-14.2 226.6,-17.7
0 231.0,-12.8 226.6,-17.7
0 231.0,-12.8 230.4,-9.8
0 212.8,-11.5 214.8,-5.2
0 220.6,-14.5 214.0,-13.5
0 220.6,-14.5 220.3,-14.0
0 222.4,-7.7 220.3,-14.0
0 222.4,-7.7 214.8,-5.2
0 175.2,8.6 181.5,6.5
0 171.8,1.6 173.8,7.9
0 171.8,1.6 180.2,-1.1
0 182.2,5.2 180.2,-1.1
0 133.9,14.1 150.3,15.5
0 151.2,5.3 134.8,3.8
0 145.1,15.7 143.6,9.2
0 223.0,10.9 228.3,7.0
0 217.8,4.1 220.3,10.1
0 228.4,6.7 225.9,0.6
0 228.4,6.7 228.3,7.0
0 -212.9,-197.0 -194.1,-191.7
0 -212.4,-205.5 -205.2,-190.6
0 -189.7,-207.0 -208.5,-212.3
0 -190.2,-198.7 -198.6,-212.9
0 -228.6,-190.5 -209.6,-186.1
0 -228.1,-198.7 -222.4,-183.3
0 -228.1,-198.7 -224.5,-205.9
0 -205.7,-200.6 -224.5,-205.9
0 -206.9,-189.8 -214.0,-204.7
0 -198.9,183.2 -180.0,178.2
0 -190.4,166.5 -196.5,169.2
0 -184.6,159.4 -203.7,163.6
0 -125.2,-37.4 -118.6,-37.4
0 -121.4,-46.2 -127.0,-42.8
0 -118.5,-45.1 -125.1,-45.2
0 -118.5,-45.1 -118.6,-37.4
0 124.0,170.5 140.4,171.2
0 124.0,170.5 124.1,165.6
0 124.2,159.0 124.1,165.6
0 124.2,159.0 124.7,153.7
0 141.2,154.4 124.7,153.7
0 125.1,118.5 141.6,118.4
0 125.1,118.5 124.9,106.7
0 129.4,101.9 124.9,106.7
0 141.5,101.6 125.0,101.7
0 124.9,75.9 141.4,75.9
0 124.9,75.9 125.0,74.4
0 124.5,67.8 125.0,74.4
0 124.5,67.8 124.9,62.0
0 141.4,62.0 124.9,62.0
0 216.3,-26.9 225.3,-40.6
0 211.2,-35.6 217.7,-35.9
0 213.1,-48.7 204.0,-34.9
0 177.1,14.9 183.6,13.9
0 181.8,7.5 175.6,9.6
0 184.8,15.6 184.1,9.0
0 95.4,178.7 96.9,172.3
0 88.4,176.2 95.0,176.6
0 88.4,176.2 88.6,173.3
0 95.2,173.6 88.6,173.3
0 82.5,217.4 88.9,218.8
0 82.5,217.4 82.2,217.1
0 82.2,210.5 82.2,217.1
0 82.2,210.5 84.0,209.5
0 90.5,210.5 84.0,209.5
0 90.5,210.5 88.9,218.8
0 -267.9,100.5 -267.2,93.9
0 -267.9,100.5 -273.0,102.0
0 -276.4,96.3 -273.0,102.0
0 -276.4,96.3 -268.6,91.9
0 -265.5,97.7 -268.6,91.9
0 139.6,-54.6 156.1,-53.0
0 145.8,-63.4 146.4,-46.9
0 156.3,-59.2 139.8,-59.3
0 154.9,-47.2 154.3,-63.7
0 123.1,-73.5 81.7,-73.7 75.4,-63.8
0 75.4,-63.8 52.1,-64.3
0 52.1,-64.3 40.3,-64.2,5.7 40.2,-51.1,6.0
0 -91.7,-10.2 -83.6,12.4
0 -116.9,-10.9 -110.4,-10.9 -91.7,-10.2
0 -86.0,-11.8 -91.7,-10.2
0 -63.0,-35.3 -71.5,-26.5 -78.4,-19.5 -82.2,-15.6 -86.0,-11.8
0 -52.6,-40.3,6.0 -58.0,-40.5,6.0 -63.0,-35.3
0 -45.8,-40.4,6.0 -52.6,-40.3,6.0
0 26.9,-39.3,6.0 19.6,-39.4,6.0
0 19.6,-39.4,6.0 -45.8,-40.4,6.0
0 40.2,-51.1,6.0 40.1,-39.3,6.0 26.9,-39.3,6.0
0 -205.6,-159.0 -209.3,-125.0 -210.9,-76.0
0 -183.5,-43.9 -183.2,-53.9 -183.1,-89.4
0 -191.3,-44.1 -191.5,-27.5
0 -116.9,-10.9 -117.1,5.6 -123.5,17.5 -126.9,19.4
0 -147.9,30.9 -153.6,42.5 -163.4,72.0 -166.7,94.8 -164.2,116.0 -158.3,178.7 -150.0,230.1 -146.7,250.6 -137.5,302.6
0 -299.5,131.1 -281.8,118.1 -280.0,116.8 -267.8,112.1 -258.3,112.0 -247.3,115.7 -237.3,123.0 -231.8,128.3 -221.0,144.2 -205.3,168.0 -203.6,171.8 -199.0,196.0 -188.6,249.8 -183.7,274.4 -182.2,281.7
0 137.5,-122.8 139.8,-135.3,2.2 140.6,-142.6,3.4 141.0,-148.3,4.4 140.7,-159.6,6.0 140.4,-166.2,6.0 139.5,-171.7,6.0 137.9,-177.4,6.0 135.4,-182.8,6.0 131.3,-188.9,6.0 125.8,-195.4,6.0 121.9,-199.2,6.0 117.0,-202.8,6.0 111.8,-205.3,6.0 105.5,-207.7,6.0 100.6,-209.6,6.0 63.4,-224.2,6.0
0 -94.0,-219.9,6.0 -94.1,-225.7,5.1 -94.3,-230.0
0 159.9,-185.3,6.0 177.5,-195.2
0 166.6,-175.5,6.0 172.1,-179.1
0 -305.4,-208.4,6.0 -292.0,-204.8,6.0 -276.0,-203.4,6.0 -243.8,-201.2,6.0 -218.5,-205.1,6.0 -128.2,-218.9,6.0 -94.0,-219.9,6.0 -80.4,-220.5,6.0 -50.2,-222.1,6.0 -18.5,-222.1,6.0 6.7,-223.1,6.0 20.5,-223.0,6.0 34.7,-223.0,6.0 63.4,-224.2,6.0 108.9,-222.4,6.0 118.1,-220.4,6.0 124.3,-218.0,6.0 130.0,-214.9,6.0 136.0,-211.5,6.0 140.2,-207.3,6.0 145.5,-202.8,6.0 150.6,-197.6,6.0 155.1,-191.9,6.0 159.9,-185.3,6.0 166.6,-175.5,6.0 198.3,-124.3,6.0 215.4,-98.6,6.0 238.4,-64.1,6.0 249.0,-48.7,6.0
0 -196.9,-44.3 -196.4,-65.3 -194.0,-123.4
0 -71.5,-26.5 -82.5,-32.2
0 -82.5,-32.2 -87.6,-34.6
0 -87.6,-34.6 -96.0,-38.1
0 -231.7,-168.7 -232.9,-162.7
0 -139.9,-54.7 -140.2,-22.4
0 -191.3,-44.1 -196.9,-44.3
0 120.0,90.6 126.2,86.2
0 152.7,-23.4 159.6,-39.1 161.6,-40.7 166.1,-44.2 180.1,-48.2
0 161.6,-40.7 156.3,-45.6
0 100.6,-209.6,6.0 99.9,-180.9
0 -243.4,-195.3 -243.8,-201.2,6.0
