# OpenStreetMap contributors, ODbL; local Unity x,z metres; P parking, T track (height 0 surface, -5 tunnel), E subway entrance, R rail platform, S bus stop, N station, A apron stand, G gate, J jet bridge, X terminal
S|357849528|서울역11번출구|-281.81,118.11
S|357860725|서울역서부|111.20,-174.97
S|357933209|서울의료보건고등학교.서울역서부|155.32,-96.46
E|3390512293|1|서울역 1번출구 (GTX-A)|-97.12,-38.85
E|3390524793|9-1|서울역 9-1출구|-191.48,-27.47
E|3403067555|7|서울역 7번출구|-263.71,-217.35
E|3403067557|8|서울역 8번출구|-251.19,-161.95
E|3403067558|9|서울역 9번출구|-234.88,-137.12
E|3403067559|2|서울역 2번출구 (1호선)|-131.41,-172.91
E|3403067562|11|서울역 11번출구|-222.12,139.91
E|3403067563|14|서울역 14번출구|-163.94,125.49
E|3403067565|13|지하철 출입구|-149.96,230.07
E|3403067566|15|서울역 15번출구|116.71,138.42
E|3403067567|3|서울역 3번출구|60.75,23.23
E|3403067568|2|서울역 2번출구 (공항철도역)|-97.40,18.21
E|3403067569|1|서울역 1번출구 (공항철도역)|-111.45,37.26
S|4356648148|서울역버스환승센터.강우규의거터(7번승강장)|-210.93,-75.95
E|5348913429|1|지하철 출입구|-92.02,-193.83
S|5549718799|서울역9번출구.서울스퀘어앞|-228.47,-76.88
S|5589798218|서울역버스환승센터(3번승강장)|-140.18,-22.40
S|5589801221|서울역버스환승센터(4번승강장)|-176.51,-53.49
S|5589801222|서울역버스환승센터(5번승강장)(중)|-183.25,-53.93
S|5589801223|서울역버스환승센터(6번승강장)(중)|-196.41,-65.29
N|5772099311|서울|-15.82,16.17
S|5961230291|서울역공항철도15번출구.국립극단|147.16,180.57
N|6036160343|서울역|-174.04,205.64
N|7368810705|서울역|70.65,140.68
N|8574527311|서울역|-175.28,-79.87
N|8829280690|서울역|-155.31,-152.72
T|51795972|0|서울 지하철 1호선|-92.10,367.27;-97.76,345.15;-99.94,330.78;-100.72,320.94;-107.41,260.64;-109.12,245.24;-113.99,170.11
T|308993738|0|서울 지하철 1호선|-126.99,170.24;-127.24,199.33;-126.76,202.48;-122.63,229.46;-115.09,273.46;-110.87,304.38;-105.25,335.00;-98.69,363.88;-97.40,368.87
T|309151271|0|철길|-95.40,85.81;-96.45,168.83;-96.23,241.27;-96.47,264.23;-96.34,301.63;-95.40,314.89;-93.27,327.90;-86.41,354.90
T|309151273|0|철길|-96.47,264.23;-97.89,244.35;-99.66,219.73;-100.84,193.93;-101.19,169.44;-99.45,83.68
T|379994111|-5|서울 지하철 1호선|-489.29,-818.26;-480.68,-791.39;-463.57,-743.75;-454.56,-724.33;-443.16,-700.26;-427.66,-673.23;-406.61,-640.62;-379.25,-600.67;-328.55,-511.64;-252.44,-392.93;-245.09,-381.48;-230.02,-358.04;-226.64,-352.78;-208.85,-323.81;-202.25,-310.83;-192.26,-283.62;-178.22,-237.06;-166.01,-177.67;-156.22,-129.08;-147.84,-69.26;-142.66,-13.78
T|405594533|0|철길|46.78,103.05;51.30,-130.75;46.61,-150.74
T|405599666|0|경의선|7.21,-205.73;4.46,-214.17;-3.43,-235.69
T|405599667|0|철길|-14.38,-254.22;-4.14,-213.31;-1.77,-198.16;-1.77,-176.80;-1.77,-165.73
T|405599668|0|경의선|-14.38,-254.22;0.59,-210.46;4.62,-196.97;8.26,-176.81;9.35,-163.84
T|405599670|0|철길|-30.32,-288.99;-21.43,-256.66;-16.58,-239.79;-10.96,-215.11;-8.62,-202.16;-7.69,-190.60;-6.48,-176.43;-6.76,-165.34
T|405599671|0|철길|-30.32,-288.99;-24.04,-253.91;-21.70,-239.66;-20.70,-214.17;-21.66,-163.56
T|405599673|0|철길|-25.99,-163.57;-28.94,103.05
T|405599674|0|철길|-40.16,-309.91;-32.54,-259.84;-30.27,-241.51;-29.84,-221.72;-29.71,-163.57
T|405599680|0|철길|-51.34,-213.87;-56.87,-163.90
T|405599684|0|경의선|15.29,-163.06;13.87,-174.18;10.43,-190.46;7.21,-205.73
T|405599685|0|철길|7.21,-205.73;18.63,-170.75;20.24,-163.94
T|405599686|0|철길|41.01,103.06;46.61,-150.74
R|458500950|11;12|20.24,371.70;11.26,371.39;16.56,-151.60;20.73,-151.45;22.86,-139.14;24.60,-112.07;20.49,310.93;20.24,371.70
R|458500951|4;3|-62.21,283.96;-72.38,283.96;-70.50,40.50;-60.20,40.50;-62.21,283.96
R|458500952|6;5|-38.27,370.50;-50.06,371.04;-45.04,-205.21;-31.91,-204.97;-38.27,370.50
R|458500953|8;7|-9.43,-175.74;-13.53,371.56;-25.62,371.19;-19.95,-176.10;-9.43,-175.74
R|458500954|10;9|4.34,373.58;-5.85,373.66;-0.04,-175.02;7.11,-175.05;7.56,-163.64;4.34,373.58
R|458500955|14;13|36.55,372.48;27.47,372.08;34.49,-152.42;44.20,-151.95;36.55,372.48
R|458512502|2|-83.48,85.34;-86.82,284.55;-89.37,284.55;-86.15,85.28;-83.48,85.34
T|458523543|0|철길|-56.87,-163.90;-57.22,-135.11;-57.65,-108.23
T|458523544|0|철길|-47.23,-164.74;-49.16,103.20
T|458523545|0|철길|-29.71,-163.57;-33.37,103.05
T|458523547|0|철길|-21.66,-163.56;-24.50,103.04
T|458523548|0|철길|-6.76,-165.34;-8.45,103.14
T|458523549|0|철길|-1.77,-165.73;-4.93,103.13
T|458523550|0|경의선|9.35,-163.84;8.23,103.12
T|458523551|0|경의선|12.51,103.10;15.21,-150.96;15.29,-163.06
T|458523552|0|철길|23.10,-151.15;25.00,-138.92;26.46,-111.92;24.78,103.08
T|458523553|0|철길|30.36,103.07;32.33,-151.97
T|458523554|0|철길|-79.17,366.59;-90.42,327.90;-92.80,304.72;-93.39,284.59;-93.37,282.51;-92.92,240.33;-92.56,203.16;-91.54,88.39
T|458523555|0|철길|-61.85,444.22;-64.56,431.01;-64.77,430.01;-68.78,410.48;-75.71,382.34;-79.17,366.59;-81.24,355.06;-82.51,342.43;-83.87,329.23;-84.27,314.79;-83.45,262.11;-82.25,178.51
T|458523556|0|철길|-73.62,89.22;-73.96,178.20
T|458523557|0|철길|-59.77,260.58;-58.59,103.23
T|458523558|0|경부선|-49.16,103.20;-50.88,260.91
T|458523559|0|철길|-33.37,103.05;-33.92,260.23
T|458523560|0|철길|-24.73,137.74;-25.52,259.97
T|458523561|0|철길|-8.45,103.14;-10.69,261.59
T|458523562|0|철길|-4.93,103.13;-6.79,261.59
T|458523563|0|철길|8.23,103.12;6.82,260.50
T|458523564|0|경부선|11.19,261.33;12.51,103.10
T|458523565|0|철길|24.78,103.08;23.73,263.03
T|458523566|0|철길|26.92,263.14;30.36,103.07
T|458523567|0|철길|40.60,263.03;41.01,103.06
T|484898230|-5|철길|60.06,67.33;60.13,175.38;62.11,233.72;65.50,273.03
T|624113718|0|철길|-48.63,-281.33;-46.73,-204.87
T|624113719|0|철길|-52.17,-229.02;-51.34,-213.87
T|624113720|0|철길|-51.94,-164.63;-52.37,-107.95
T|640794436|-5|4호선|-195.87,90.19;-194.66,124.34;-190.77,155.04;-175.19,242.37;-166.67,279.13;-140.13,416.73;-125.44,499.35;-110.58,601.57;-108.88,829.01;-121.21,1063.97;-140.91,1160.23;-321.85,2007.50;-325.64,2033.36;-325.29,2063.37;-322.74,2079.64;-317.92,2098.35;-308.57,2117.76;-207.43,2255.48;-161.27,2319.64;174.38,2760.29;210.84,2805.75;241.84,2846.24;335.79,2961.25;344.29,2975.13;355.08,2993.80;365.66,3016.67;371.37,3029.94;376.99,3051.55;379.46,3066.18;380.80,3087.76;381.44,3113.94;380.72,3136.07;376.80,3158.26;369.06,3184.95;359.13,3210.42;347.07,3235.50;334.60,3254.33;320.26,3274.21;305.54,3290.37;292.44,3301.18;65.24,3462.03;27.23,3483.14;-5.07,3493.28;-67.05,3503.24;-131.20,3517.21;-267.79,3566.59;-988.09,3851.48;-1041.11,3877.79;-1046.45,3880.86;-1052.72,3885.13;-1074.40,3901.28;-1077.65,3904.33;-1080.36,3907.76;-1089.76,3922.26;-1092.56,3927.16;-1094.33,3931.19;-1102.89,3952.13;-1114.33,3985.72;-1115.52,3990.38;-1116.15,3993.79;-1121.60,4040.94
T|716148573|0|철길|-52.37,-107.95;-52.61,-74.51;-53.87,103.22
T|716148574|0|철길|-57.65,-108.23;-57.96,-37.68;-58.59,103.23
T|717933087|-5|인천국제공항선|65.90,66.49;65.50,273.03
T|717933088|-5|인천국제공항선|68.64,311.87;69.37,276.15;69.49,66.14
R|773667362|1|-57.99,-211.94;-62.88,-211.72;-61.94,-255.95;-62.17,-336.49;-57.21,-336.24;-57.45,-268.33;-57.45,-243.33;-57.99,-211.94
T|780902566|0|철길|-82.25,178.51;-81.13,95.27
T|781111135|0|철길|-56.41,-284.67;-56.29,-254.04;-57.00,-211.21
T|782655747|-5|서울역 인상선|-129.60,31.48;-123.41,115.75;-120.38,168.69
T|923712311|-5|수도권광역급행철도에이선|21378.07,-17971.33;21378.77,-17930.85;21378.81,-17928.25;21404.04,-16455.27;21382.65,-16049.78;21369.30,-15975.73;21342.23,-15826.20;21300.70,-15599.14;21237.12,-15347.74;21043.02,-14878.04;20688.92,-14019.08;20245.33,-12950.56;20152.95,-12715.15;20088.89,-12617.14;19997.31,-12534.64;19874.20,-12460.80;19804.81,-12423.75;19709.55,-12363.83;19611.30,-12310.93;19607.17,-12308.72;19397.30,-12187.11;19263.75,-12115.29;19085.23,-12019.28;18986.99,-11966.44;18919.03,-11930.93;18868.63,-11903.77;18813.64,-11866.99;18775.07,-11837.80;18720.48,-11783.83;18669.43,-11729.34;18614.73,-11661.26;18574.77,-11598.72;18541.80,-11545.69;18378.25,-11142.84;18289.17,-10941.99;18234.02,-10842.08;18145.86,-10739.50;17938.92,-10563.38;17381.42,-10148.81;16902.82,-9753.61;16254.44,-9208.80;16132.84,-9110.33;15934.16,-8993.67;15814.15,-8927.66;15586.59,-8818.14;15344.36,-8746.86;15195.01,-8709.79;15050.27,-8683.18;14887.47,-8657.77;14715.47,-8656.32;14473.38,-8651.32;14259.20,-8656.18;14108.47,-8656.11;13794.38,-8655.96;13550.93,-8654.90;13177.96,-8614.32;12741.72,-8554.92;12663.68,-8535.57;12561.52,-8519.39;12408.62,-8496.19;12247.07,-8471.63;12103.01,-8447.50;11970.79,-8426.86;11841.20,-8407.34;11664.96,-8381.15;10117.68,-8062.72;9837.52,-8010.99;9258.60,-7873.62;8786.57,-7738.04;8624.67,-7697.60;8028.78,-7551.31;7652.01,-7455.36;7525.10,-7435.24;7152.98,-7396.00;6867.24,-7367.28;6241.69,-7303.24;4443.46,-7160.95;4423.63,-7159.56;4157.37,-7130.16;3858.73,-7098.15;3485.93,-7016.99;3074.20,-6803.47;2769.30,-6555.76;2518.53,-6322.59;2056.65,-5925.79;1560.38,-5487.31;1210.81,-5011.13;900.80,-4326.93;231.86,-3001.97;1.93,-2610.73;-111.12,-2434.58;-204.88,-2248.47;-278.08,-2108.89;-409.10,-1870.47;-478.23,-1768.54;-533.81,-1663.35;-566.50,-1591.01;-592.21,-1486.63;-596.40,-1415.85;-596.54,-1328.80;-589.58,-1167.10;-588.87,-1094.90;-581.72,-1063.24;-550.07,-956.67;-538.44,-900.33;-506.68,-799.89;-491.14,-772.48;-474.84,-746.01;-366.13,-603.78;-234.66,-335.15;-209.99,-251.89;-188.14,-137.51;-178.86,-73.62
T|923712312|-5|수도권광역급행철도에이선|-167.78,-76.41;-175.90,-134.95;-201.27,-255.08;-228.77,-337.22;-349.98,-598.67;-475.01,-766.87;-485.64,-785.47;-499.13,-812.11;-532.55,-940.69;-567.49,-1052.53;-576.53,-1084.35;-581.47,-1120.63;-582.88,-1243.34;-584.28,-1341.01;-582.81,-1402.09;-583.19,-1442.54;-579.55,-1479.19;-558.27,-1574.06;-522.09,-1656.13;-469.05,-1757.53;-405.51,-1857.36;-267.47,-2094.70;-193.68,-2228.07;-98.79,-2429.83;15.42,-2608.86;180.40,-2900.88;256.39,-3014.71;909.36,-4316.70;1221.56,-4984.25;1567.79,-5457.07;2033.51,-5886.30;2537.14,-6313.22;2794.09,-6556.34;3087.31,-6789.70;3495.01,-6993.71;3859.00,-7081.47;4166.46,-7107.45;4434.16,-7136.90;4438.13,-7137.34;4452.55,-7139.76;6238.66,-7285.07;6868.51,-7357.22;7154.10,-7384.12;7528.03,-7421.31;7669.25,-7423.84;8039.01,-7513.15;8628.47,-7665.07;8792.62,-7716.54;9258.90,-7850.38;9842.72,-7996.23;10130.33,-8046.14;11667.18,-8370.99;11843.97,-8395.29;11973.16,-8417.26;12104.45,-8440.14;12247.89,-8463.41;12408.80,-8489.15;12561.42,-8512.83;12664.90,-8531.02;12742.90,-8544.59;12777.22,-8548.88;13066.48,-8584.05;13543.85,-8646.99;13792.65,-8648.28;14108.47,-8647.98;14378.95,-8647.72;14717.30,-8637.05;14872.90,-8643.00;14968.10,-8657.17;15173.95,-8699.39;15355.07,-8739.30;15590.20,-8811.14;15821.91,-8921.94;15940.86,-8987.70;16133.40,-9097.58;16260.82,-9194.84;16895.83,-9713.74;16922.39,-9737.24;17398.08,-10118.54;17934.37,-10521.02;18158.58,-10717.71;18253.50,-10827.19;18307.05,-10935.58;18526.26,-11442.62;18564.78,-11535.68;18592.71,-11592.26;18630.43,-11654.84;18680.66,-11720.01;18733.27,-11774.28;18786.12,-11822.45;18824.31,-11853.22;18875.16,-11885.87;18927.23,-11914.81;18990.82,-11951.77;19092.90,-12004.46;19271.37,-12099.28;19404.23,-12176.48;19618.07,-12293.80;19621.54,-12295.76;19718.71,-12350.74;19813.21,-12402.01;19892.61,-12445.69;20004.22,-12519.90;20103.32,-12602.26;20179.48,-12716.12;20259.54,-12946.54;20699.59,-14017.18;21060.36,-14875.98;21253.36,-15349.96;21312.94,-15596.91;21386.49,-15971.07;21392.29,-16053.17;21413.69,-16447.06;21392.50,-17947.61;21392.18,-17969.90
T|1014008969|-5|철길|-158.01,259.87;-155.94,241.15;-163.84,188.49
T|1022757189|0|철길|-73.67,80.21;-73.62,89.22
T|1022757193|0|철길|-77.49,88.60;-79.20,283.50;-79.23,314.32;-77.32,334.29;-74.76,350.81;-68.20,380.58
T|1023101702|0|철길|-53.87,103.22;-55.71,260.81
T|1023101703|0|철길|-51.34,-213.87;-51.94,-164.63
T|1023101704|0|철길|-46.73,-204.87;-47.21,-168.18;-47.23,-164.74
T|1023101707|0|철길|-40.16,-309.91;-31.92,-274.48;-27.80,-253.88;-25.73,-239.86;-25.19,-221.67;-25.57,-203.83;-25.95,-167.61;-25.99,-163.57
T|1023101711|0|철길|-28.94,103.05;-29.72,260.78
T|1023101716|0|철길|46.53,-164.52;46.52,-166.20;45.56,-176.62;42.31,-190.85;37.65,-206.63;21.63,-236.72;1.28,-272.46;-14.92,-303.95;-24.47,-326.86;-30.70,-345.19;-40.13,-384.98
T|1023101717|0|철길|32.26,-163.76;32.33,-151.97
T|1023101718|0|철길|46.61,-150.74;46.53,-164.52
T|1023101719|0|철길|20.24,-163.94;23.10,-151.15
T|1023101720|0|철길|46.78,103.05;45.03,263.57
T|1024714638|-5|철길|-129.60,31.48;-126.45,7.47
T|1024714639|-5|철길|-140.03,8.10;-129.60,31.48
T|1029993771|0|철길|-24.50,103.04;-24.73,137.74
T|1029993772|0|철길|-73.96,178.20;-74.36,260.10
T|1049563727|0|철길|-99.45,83.68;-99.41,76.25
T|1049563728|0|철길|-95.24,77.50;-95.40,85.81
T|1049563729|0|철길|-91.54,88.39;-91.39,77.65
T|1049563730|0|철길|-81.13,95.27;-81.05,85.65;-81.01,79.97
T|1049563731|0|철길|-77.49,79.79;-77.49,88.60
R|1106310338|1|-86.15,85.28;-89.10,85.16;-91.63,274.17;-91.77,284.42;-89.37,284.55;-86.15,85.28
T|1168235688|-5|서울 지하철 1호선|-142.66,-13.78;-140.03,8.10;-134.23,81.31;-129.91,124.89;-126.99,170.24
T|1168235689|-5|서울 지하철 1호선|-113.99,170.11;-114.67,147.74;-117.13,98.13;-126.45,7.47;-128.63,-14.91;-131.10,-45.99;-134.07,-76.00;-140.65,-124.37;-149.69,-165.47;-160.68,-211.75;-165.75,-230.35;-177.31,-267.16;-182.53,-283.68
T|1180001114|0|철길|1.28,-272.46;24.19,-215.96;28.13,-196.58;31.54,-176.68;32.26,-163.76
T|1212198788|-5|철길|69.49,66.14;77.67,-198.14;78.13,-223.47;78.76,-258.83;83.17,-504.24
T|1212198789|-5|철길|77.25,-505.36;71.48,-259.63;70.64,-223.23;70.03,-197.50;65.90,66.49
T|1212198790|-5|철길|70.03,-197.50;61.09,-93.87;60.75,-24.40;60.06,67.33
T|1212198791|-5|철길|61.09,-93.87;61.02,-160.01
P|1216346322|주차장|120.67,63.78;120.97,61.75;120.82,-50.23;118.64,-54.59;115.66,-49.44;111.45,-49.60;112.55,63.93;120.67,63.78
P|1216346324|주차장|124.03,172.91;121.45,186.52;98.27,181.36;100.95,166.62;124.03,172.91
P|1216346335|주차장|168.99,140.20;177.96,155.80;182.27,159.84;167.47,160.11;167.70,163.61;168.21,179.50;152.93,179.58;151.61,142.91;153.35,140.68;168.99,140.20
T|1221943824|-5|4호선|-1608.84,-714.71;-1385.04,-687.27;-1099.58,-655.61;-1052.48,-647.33;-1010.87,-629.41;-913.19,-562.76;-884.25,-551.36;-822.74,-527.11;-801.33,-519.75;-763.93,-505.55;-734.82,-487.08;-712.09,-468.62;-695.40,-449.69;-676.35,-425.54;-659.18,-403.18;-639.89,-380.34;-630.42,-370.99;-619.18,-361.04;-598.82,-346.96;-592.43,-343.88;-420.91,-259.94;-408.88,-254.10;-382.64,-241.76;-371.71,-235.99;-272.85,-189.58;-252.12,-176.75;-234.48,-163.38;-223.08,-150.00;-215.21,-139.52;-206.79,-122.10;-200.32,-106.78;-193.99,-91.53;-186.96,-67.58;-184.48,-57.04;-183.35,-46.24;-182.49,-25.58;-183.72,8.24;-190.70,49.39;-195.87,90.19
T|1221943825|-5|4호선|-163.19,236.44;-179.72,152.75;-184.01,124.21;-186.26,92.93;-184.45,48.82;-179.04,7.95;-176.86,-19.07;-177.84,-41.10;-181.78,-68.40;-186.57,-89.20;-194.32,-108.94;-202.21,-129.93;-211.08,-147.73;-223.43,-163.83;-236.39,-176.89;-250.46,-185.84;-276.01,-196.77;-341.89,-230.93;-418.65,-263.72;-590.91,-348.03;-596.91,-350.82;-615.90,-364.37;-627.09,-373.85;-637.43,-383.91;-656.03,-405.41;-673.15,-428.68;-691.54,-452.12;-708.46,-471.11;-732.19,-490.72;-762.33,-509.12;-800.69,-523.20;-810.54,-526.52;-817.15,-528.76
P|1222690581|주차장|-245.11,167.39;-242.03,190.35;-218.84,188.45;-217.53,203.37;-287.96,213.08;-293.52,172.36;-245.11,167.39
T|1346616770|-5|수도권광역급행철도에이선|-212.06,647.92;-178.55,574.17;-156.56,504.69;-146.06,437.72;-138.07,265.31;-142.07,152.86;-145.65,75.95;-161.36,-30.12;-167.78,-76.41
T|1346616771|-5|수도권광역급행철도에이선|-178.86,-73.62;-171.87,-25.49;-168.84,2.39;-155.66,82.87;-153.37,158.53;-151.59,214.15;-152.42,343.11;-158.44,444.85;-166.78,503.93;-184.20,554.69;-203.30,600.96;-218.62,638.06
