96 128 124.2 33.0 130.9 43.05
000000000000000000000000000000000000000000000000000000000000000000000000000000000000000000000000
000000000000000000000000000000000000000000000000000000000000000000000000000000000111100000000000
000000000000000000000000000000000000000000000000000000000000000000000000000000001111111000000000
000000000000000000000000000000000000000000000000000000000000000000000000000000001111111000000000
000000000000000000000000000000000000000000000000000000000000000000000000000000001111111000000000
000000000000000000000000000000000000000000000000000000000000000000000000000000011111111110000000
000000000000000000000000000000000000000000000000000000000000000000000000000000011111111111100000
000000000000000000000000000000000000000000000000000000000000000000000000000000011111111111100000
000000000000000000000000000000000000000000000000000000000000000000000000111111111111111111111000
000000000000000000000000000000000000000000000000000000000000000000000000111111111111111110011000
000000000000000000000000000000000000000000000000000000000000000000000001111111111111111110000000
000000000000000000000000000000000000000000000000000000000000000000000011111111111111110000000000
000000000000000000000000000000000000000000000000000000000000000000001111111111111111000000000000
000000000000000000000000000000000000000000000000000000011111111111111111111111111110000000000000
000000000000000000000000000000000000000000000000000000011111111111111111111111111110000000000000
000000000000000000000000000000000000000000000000000000011111111111111111111111111100000000000000
000000000000000000000000000000000000001100000000000000001111111111111111111111110000000000000000
000000000000000000000000000000000001111110000000000000000111111111111111111111100000000000000000
000000000000000000000000000000000011111111000000000000000011111111111111111111100000000000000000
000000000000000000000000000000000011111111111000000000000011111111111111111111000000000000000000
000000000000000000000000000000000111111111111111111111100111111111111111111111100000000000000000
000000000000000000000000000000001111111111111111111111111111111111111111111111110000000000000000
000000000000000000000000000000011111111111111111111111111111111111111111111111110000000000000000
000000000000000000000000000000111111111111111111111111111111111111111111111111100000000000000000
000000000000000000000000000001111111111111111111111111111111111111111111111111100000000000000000
000000000000000000000000000111111111111111111111111111111111111111111111111111100000000000000000
000000000000000000000000001111111111111111111111111111111111111111111111111111110000000000000000
000000000000000000000010111111111111111111111111111111111111111111111111111111110000000000000000
000000000000000000000111111111111111111111111111111111111111111111111111111110000000000000000000
000000000000000000011111111111111111111111111111111111111111111111111111110000000000000000000000
000000000000000011111111111111111111111111111111111111111111111111111111000000000000000000000000
000000000000011111111111111111111111111111111111111111111111111111111110000000000000000000000000
000000000000111111111111111111111111111111111111111111111111111111111100000000000000000000000000
000000000111111111111111111111111111111111111111111111111111111111110000000000000000000000000000
000000011111111111111111111111111111111111111111111111111111111111000000000000000000000000000000
000001111111111111111111111111111111111111111111111111111111111100000000000000000000000000000000
000011111111111111111111111111111111111111111111111111111111111100000000000000000000000000000000
000111111111111111111111111111111111111111111111111111111111100000000000000000000000000000000000
000111111111111111111111111111111111111111111111111111111100000000000000000000000000000000000000
001111111111111111111111111111111111111111111111111110000000000000000000000000000000000000000000
001111111111111111111111111111111111111111111111111100000000000000000000000000000000000000000000
000001111111111111111111111111111111111111111111100000000000000000000000000000000000000000000000
000000110111111111111111111111111111111111111111000000000000000000000000000000000000000000000000
000000100001111111111111111111111111111111111111000000000000000000000000000000000000000000000000
000000100100010111111111111111111111111111111111000000000000000000000000000000000000000000000000
000000000000000001111111111111111111111111111111000000000000000000000000000000000000000000000000
000000000000000001111111111111111111111111111111000000000000000000000000000000000000000000000000
000000000000000001111111111111111111111111111100000000000000000000000000000000000000000000000000
000000000000000001111111111111111111111111111100000000000000000000000000000000000000000000000000
000000000000000011111111111111111111111111111111100000000000000000000000000000000000000000000000
000000000000000111111111111111111111111111111111111100000000000000000000000000000000000000000000
000000000000001111111111111111111111111111111111111110000000000000000000000000000000000000000000
000000000000001111111111111111111111111111111111111111000000000000000000000000000000000000000000
000000000000011111111111111111111111111111111111111111110000000000000000000000000000000000000000
000000000000001111111111111111111111111111111111111111111000000000000000000000000000000000000000
000000000000000111111111111111111111111111111111111111111111000000000000000000000000000000000000
000000000000011111111111111111111111111111111111111111111111000000000000000000000000000000000000
000000000101111111111111111111111111111111111111111111111111100000000000000000000000000000000000
000000000001111111111111111111111111111111111111111111111111100000000000000000000000000000000000
000000000011111111111111111111111111111111111111111111111111110000000000000000000000000000000000
000000000111111111111111111111111111111111111111111111111111111000000000000000000000000000000000
000000000111111111111111111111111111111111111111111111111111111000000000000000000000000000000000
000000011111111111111111111111111111111111111111111111111111111100000000000000000000000000000000
000000000001001111111111111111111111111111111111111111111111111110000000000000000000000000000000
000000110000111111111111111111111111111111111111111111111111111111000000000000000000000000000000
000000000000111111111100111111111111111111111111111111111111111111100000000000000000000000000000
000000000000000111111000001111011111111111111111111111111111111111110000000000000000000000000000
000000000000000111100000000101111111111111111111111111111111111111111000000000000000000000000000
000000000000000000000000000000111111111111111111111111111111111111111100000000000000000000000000
000000000000000000000000000000001011111111111111111111111111111111111100000000000000000000000000
000000000000000000000000000000001111111111111111111111111111111111111110000000000000000000000001
000000000000000000000000000000011011111111111111111111111111111111111111000000000000000000000000
000000000000000000000000000000000000111111111111111111111111111111111111100000000000000000000000
000000000000000000000000000000001000111111111111111111111111111111111111110000000000000000000000
000000000000000000000000000000000001111111111111111111111111111111111111110000000000000000000000
000000000000000000000000000000000000111111111111111111111111111111111111111000000000000000000000
000000000000000000000000000000000100011111111111111111111111111111111111111000000000000000000000
000000000000000000000000000000011111101111111111111111111111111111111111111000000000000000000000
000000000000000000000000000001011111111111111111111111111111111111111111111000000000000000000000
000000000000000000000000000011111111111111111111111111111111111111111111111100000000000000000000
000000000000000000000000000011111111111111111111111111111111111111111111111100000000000000000000
000000000000000000000000000000110111111111111111111111111111111111111111111000000000000000000000
000000000000000000000000000000101111111111111111111111111111111111111111111000000000000000000000
000000000000000000000000000000110111111111111111111111111111111111111111111000000000000000000000
000000000000000000000000000000010111111111111111111111111111111111111111111000000000000000000000
000000000000000000000000000000000111111111111111111111111111111111111111111000000000000000000000
000000000000000000000000000000000011111111111111111111111111111111111111111000000000000000000000
000000000000000000000000000000000111111111111111111111111111111111111111111000000000000000000000
000000000000000000000000000000000011111111111111111111111111111111111111111000000000000000000000
000000000000000000000000000000000001111111111111111111111111111111111111111010000000000000000000
000000000000000000000000000000000011111111111111111111111111111111111111111110000000000000000000
000000000000000000000000000000000000111111111111111111111111111111111111111110000000000000000000
000000000000000000000000000000000001111111111111111111111111111111111111111100000000000000000000
000000000000000000000000000000000011111111111111111111111111111111111111111100000000000000000000
000000000000000000000000000000001111111111111111111111111111111111111111111000000000000000000000
000000000000000000000000000000000111111111111111111111111111111111111111111100000000000000000000
000000000000000000000000000000001111111111111111111111111111111111111111111000000000000000000000
000000000000000000000000000000001111111111111111111111111111111111111111110000000000000000000000
000000000000000000000000000000011111111111111111111111111111111111111111100000000000000000000000
000000000000000000000000000000011111111111111111111111111111111111111111000000000000000000000000
000000000000000000000000000000011111111111111111111111111111111111111111000000000000000000000000
000000000000000000000000000111101111111111111111111111111111111101101000000000000000000000000000
000000000000000000000000000000011111111111111111111111111111110010000000000000000000000000000000
000000000000000000000000001000111111111111111111110011011111100110000000000000000000000000000000
000000000000000000000000001100111111111111111111101011110001111110000000000000000000000000000000
000000000000000000000000110100011111111111111100111011110000100100000000000000000000000000000000
000000000000000001000000010000111111111111101110100100000000000000000000000000000000000000000000
000000000000000000000000001000111111111110011110000100000000000000000000000000000000000000000000
000000000000000000000000000001111111111100111100001000000000000000000000000000000000000000000000
000000000000000000000000000111101111111000111001000000000000000000000000000000000000000000000000
000000000000000000000000000011000111110010000000000000000000000000000000000000000000000000000000
000000000000000000000000001000000100100000000000000000000000000000000000000000000000000000000000
000000000000000000000000000000000010001000000000000000000000000000000000000000000000000000000000
000000000000000000000000000000000101000000000000000000000000000000000000000000000000000000000000
000000000000000000000000000000000000000000000000000000000000000000000000000000000000000000000000
000000000000000000000000000000000000000000000000000000000000000000000000000000000000000000000000
000000000000000000000000000000000000000000000000000000000000000000000000000000000000000000000000
000000000000000000000000000000000000000000000000000000000000000000000000000000000000000000000000
000000000000000000000000000000000000000000000000000000000000000000000000000000000000000000000000
000000000000000000000000000000000000000000000000000000000000000000000000000000000000000000000000
000000000000000000000000000000000000000000000000000000000000000000000000000000000000000000000000
000000000000000000000000000000001111111000000000000000000000000000000000000000000000000000000000
000000000000000000000000000001111111111000000000000000000000000000000000000000000000000000000000
000000000000000000000000000011111111110000000000000000000000000000000000000000000000000000000000
000000000000000000000000000011111111100000000000000000000000000000000000000000000000000000000000
000000000000000000000000000001000000000000000000000000000000000000000000000000000000000000000000
000000000000000000000000000000000000000000000000000000000000000000000000000000000000000000000000
000000000000000000000000000000000000000000000000000000000000000000000000000000000000000000000000
